1	64	92
2	70	58
3	91	74
4	94	100
5	87	84
6	63	86
7	57	75
8	59	60
9	54	72
10	91	91
11	56	82
12	62	63
13	64	75
14	75	58
15	52	77
16	75	68
17	81	84
18	75	96
19	75	66
20	74	74
21	62	87
22	57	64
23	59	60
24	71	81
25	61	98
26	57	82
27	94	81
28	97	89
29	95	89
30	77	62
31	68	82
32	62	84
33	71	69
34	83	50
35	74	64
36	94	84
37	71	54
38	50	71
39	69	65
40	52	67
41	84	60
42	89	85
43	84	78
44	72	79
45	66	72
46	87	78
47	81	84
48	87	82
49	60	67
50	58	70
51	93	62
52	68	100
53	81	71
54	96	50
55	84	63
56	78	55
57	93	64
58	72	67
59	79	97
60	94	93
61	88	74
62	99	82
63	65	61
64	86	98
65	88	76
66	70	88
67	98	100
68	81	86
69	92	76
70	76	73
71	62	55
72	74	90
73	92	98
74	65	69
75	57	63
76	100	81
77	73	64
78	89	57
79	60	51
80	84	65
81	87	84
82	83	58
83	93	94
84	92	81
85	81	51
86	98	88
87	59	63
88	65	84
89	85	61
90	71	74
91	73	74
92	70	65
93	77	78
94	73	91
95	59	50
96	58	96
97	81	86
98	87	60
99	69	64
100	82	54
101	79	73
102	51	82
103	86	79
104	77	53
105	93	91
106	60	77
107	54	65
108	58	99
109	66	88
110	75	99
111	56	78
112	100	97
113	72	97
114	100	59
115	91	96
116	85	79
117	52	55
118	76	88
119	87	55
120	69	81
121	85	83
122	50	61
123	85	74
124	68	88
125	91	51
126	89	89
127	70	68
128	89	89
129	88	97
130	81	97
131	97	82
132	52	55
133	66	98
134	78	57
135	62	79
136	77	98
137	75	70
138	77	84
139	96	50
140	78	58
141	58	72
142	76	79
143	99	91
144	75	72
145	97	95
146	86	71
147	98	50
148	57	69
149	81	50
150	89	77
151	68	93
152	69	92
153	95	70
154	78	52
155	64	96
156	82	79
157	80	84
158	94	55
159	98	68
160	96	64
161	80	74
162	69	98
163	67	74
164	54	91
165	80	67
166	67	79
167	86	76
168	57	90
169	79	86
170	84	75
171	60	72
172	89	75
173	65	84
174	64	54
175	57	69
176	72	63
177	67	86
178	50	82
179	74	95
180	66	91
181	93	83
182	60	54
183	79	51
184	55	51
185	88	51
186	94	90
187	83	97
188	65	65
189	81	65
190	72	75
191	54	72
192	87	100
193	59	93
194	93	74
195	51	80
196	94	91
197	92	81
198	99	52
199	90	54
200	79	95
201	89	91
202	82	90
203	82	95
204	93	87
205	100	98
206	95	67
207	68	81
208	50	60
209	89	66
210	78	51
211	87	75
212	84	99
213	61	93
214	71	78
215	63	74
216	86	57
217	90	97
218	56	76
219	89	82
220	53	99
221	63	66
222	62	59
223	64	78
224	73	75
225	88	71
226	69	73
227	83	99
228	71	89
229	92	93
230	97	79
231	99	87
232	61	75
233	70	86
234	50	80
235	66	70
236	58	63
237	66	95
238	79	94
239	85	56
240	99	66
241	63	67
242	62	55
243	69	96
244	99	52
245	93	55
246	60	86
247	72	74
248	82	72
249	78	68
250	90	79
251	62	74
252	96	97
253	54	80
254	94	73
255	77	94
256	95	85
257	51	81
258	97	71
259	72	78
260	54	84
261	92	99
262	66	53
263	91	90
264	90	66
265	88	75
266	66	98
267	93	87
268	64	52
269	86	57
270	57	93
271	53	76
272	65	61
273	81	84
274	60	53
275	94	92
276	74	93
277	79	55
278	95	96
279	80	53
280	52	89
281	73	100
282	84	98
283	72	61
284	78	69
285	58	75
286	77	90
287	52	88
288	79	50
289	53	53
290	70	97
291	90	80
292	99	68
293	59	65
294	72	65
295	75	60
296	89	55
297	94	63
298	69	64
299	83	96
300	96	70
301	66	97
302	63	95
303	66	84
304	61	65
305	79	100
306	62	95
307	77	50
308	69	92
309	68	89
310	79	76
311	69	51
312	75	55
313	81	72
314	57	59
315	89	82
316	59	95
317	63	94
318	90	88
319	91	87
320	98	73
321	95	71
322	62	91
323	93	71
324	75	57
325	50	55
326	81	99
327	69	91
328	64	50
329	76	79
330	84	50
331	76	84
332	57	73
333	52	88
334	78	83
335	70	69
336	73	83
337	69	51
338	84	87
339	73	57
340	80	62
341	73	97
342	93	61
343	100	78
344	79	98
345	54	97
346	76	62
347	90	71
348	71	91
349	54	50
350	78	79
351	76	69
352	73	60
353	96	64
354	96	99
355	89	59
356	60	68
357	76	63
358	73	86
359	62	87
360	51	59
361	100	98
362	50	51
363	78	97
364	89	51
365	67	97
366	70	56
367	96	57
368	82	99
369	87	98
370	75	94
371	59	69
372	76	86
373	70	54
374	94	75
375	68	76
376	57	51
377	98	70
378	95	76
379	87	76
380	72	65
381	68	66
382	98	99
383	85	90
384	91	54
385	66	95
386	72	99
387	84	90
388	73	83
389	70	100
390	88	56
391	65	78
392	95	62
393	72	70
394	99	64
395	85	57
396	56	62
397	54	80
398	55	99
399	86	81
400	61	55
401	88	96
402	100	86
403	90	94
404	76	53
405	58	61
406	66	83
407	54	78
408	90	73
409	55	64
410	82	76
411	55	54
412	95	60
413	87	79
414	56	56
415	56	73
416	63	88
417	51	89
418	54	60
419	54	86
420	98	86
421	54	95
422	51	83
423	79	65
424	74	53
425	59	97
426	99	79
427	56	69
428	81	76
429	52	74
430	100	55
431	98	55
432	92	92
433	52	81
434	65	93
435	92	97
436	89	56
437	73	100
438	84	63
439	96	82
440	73	50
441	86	55
442	90	80
443	57	62
444	99	68
445	77	60
446	59	58
447	98	68
448	51	90
449	95	82
450	77	85
451	92	91
452	84	72
453	78	67
454	67	62
455	57	66
456	63	51
457	67	67
458	86	64
459	55	95
460	77	62
461	84	88
462	95	90
463	93	89
464	77	67
465	100	89
466	53	83
467	80	88
468	97	63
469	80	64
470	78	95
471	55	66
472	54	70
473	62	99
474	71	88
475	70	74
476	72	80
477	80	99
478	72	91
479	69	69
480	79	81
481	71	86
482	98	58
483	54	68
484	60	75
485	61	83
486	73	98
487	76	97
488	50	66
489	69	66
490	100	66
491	56	52
492	76	60
493	85	94
494	89	92
495	56	79
496	61	96
497	74	87
498	63	56
499	61	74
500	70	67
501	50	70
502	88	89
503	84	99
504	61	63
505	59	51
506	94	52
507	52	93
508	53	81
509	57	67
510	71	52
511	98	90
512	86	86
513	52	80
514	64	51
515	95	63
516	82	52
517	94	97
518	94	62
519	65	72
520	79	93
521	85	66
522	100	66
523	62	92
524	97	80
525	97	70
526	66	59
527	86	86
528	62	86
529	55	99
530	94	100
531	68	97
532	67	79
533	98	89
534	84	69
535	50	67
536	83	78
537	80	75
538	84	92
539	89	96
540	92	65
541	56	84
542	50	66
543	79	88
544	51	86
545	81	58
546	90	70
547	51	56
548	71	56
549	70	76
550	56	58
551	61	67
552	73	80
553	56	55
554	77	52
555	82	98
556	75	69
557	100	53
558	77	78
559	98	83
560	58	75
561	61	97
562	53	75
563	79	89
564	89	72
565	93	80
566	79	54
567	54	74
568	52	90
569	79	85
570	60	66
571	51	74
572	84	85
573	73	69
574	52	94
575	88	74
576	77	83
577	93	76
578	50	60
579	88	100
580	97	92
581	97	65
582	60	85
583	98	67
584	73	82
585	56	95
586	68	58
587	57	92
588	50	58
589	66	63
590	50	91
591	72	68
592	63	60
593	51	87
594	69	85
595	62	70
596	61	81
597	90	53
598	76	97
599	56	56
600	65	83
601	85	76
602	53	53
603	85	50
604	59	51
605	52	58
606	65	65
607	75	76
608	98	77
609	75	87
610	89	97
611	61	58
612	71	54
613	96	84
614	67	54
615	85	88
616	74	96
617	100	60
618	62	67
619	67	82
620	90	97
621	79	95
622	85	86
623	80	53
624	73	69
625	82	65
626	86	53
627	76	88
628	83	53
629	52	74
630	69	57
631	68	65
632	96	57
633	84	98
634	79	100
635	78	99
636	72	56
637	87	68
638	67	54
639	65	57
640	57	65
641	78	51
642	89	74
643	75	83
644	74	93
645	100	87
646	95	86
647	75	97
648	78	76
649	83	53
650	87	60
651	62	82
652	59	84
653	90	95
654	100	90
655	62	90
656	65	96
657	96	94
658	76	96
659	85	95
660	70	91
661	97	61
662	62	76
663	75	66
664	98	90
665	80	50
666	95	66
667	51	70
668	94	65
669	64	75
670	96	72
671	73	66
672	73	94
673	90	65
674	94	99
675	51	91
676	71	95
677	75	68
678	51	76
679	51	84
680	51	71
681	60	76
682	95	91
683	97	71
684	84	59
685	80	78
686	69	95
687	56	51
688	83	80
689	51	83
690	70	86
691	93	52
692	87	78
693	99	62
694	69	66
695	82	69
696	82	97
697	86	77
698	81	76
699	58	57
700	97	50
701	85	51
702	87	67
703	85	96
704	61	64
705	89	96
706	76	97
707	97	94
708	86	56
709	99	68
710	51	89
711	74	98
712	87	88
713	79	97
714	50	57
715	57	96
716	84	66
717	83	97
718	89	57
719	55	79
720	88	72
721	62	64
722	68	79
723	51	58
724	90	99
725	72	62
726	93	66
727	74	57
728	77	64
729	51	83
730	76	95
731	81	88
732	78	69
733	71	80
734	76	80
735	92	63
736	53	69
737	78	55
738	50	97
739	68	77
740	74	53
741	79	57
742	86	80
743	54	51
744	69	77
745	85	55
746	51	56
747	83	78
748	94	96
749	92	50
750	77	79
751	60	86
752	89	78
753	85	61
754	94	100
755	86	54
756	76	100
757	91	74
758	67	60
759	70	93
760	77	100
761	60	82
762	63	91
763	69	87
764	54	93
765	69	87
766	95	88
767	68	88
768	62	89
769	60	88
770	65	68
771	98	75
772	72	63
773	51	50
774	83	70
775	95	97
776	63	74
777	50	91
778	66	66
779	50	67
780	91	70
781	100	79
782	68	53
783	94	85
784	91	100
785	72	74
786	83	56
787	73	95
788	92	74
789	92	54
790	63	83
791	78	71
792	53	94
793	84	98
794	60	84
795	56	91
796	91	74
797	56	85
798	95	73
799	77	69
800	71	89
801	73	93
802	89	61
803	100	97
804	93	92
805	84	98
806	61	72
807	83	54
808	59	70
809	93	96
810	81	97
811	53	81
812	58	100
813	93	96
814	84	88
815	65	55
816	95	90
817	88	68
818	91	62
819	99	67
820	69	99
821	70	78
822	65	74
823	77	74
824	63	98
825	91	96
826	89	62
827	50	99
828	67	85
829	83	52
830	52	74
831	79	68
832	90	60
833	97	82
834	80	73
835	71	58
836	70	68
837	53	90
838	54	97
839	88	88
840	64	95
841	97	60
842	100	71
843	70	100
844	55	63
845	58	71
846	75	96
847	73	75
848	65	51
849	89	62
850	97	63
851	71	54
852	72	74
853	75	58
854	84	94
855	98	54
856	92	60
857	61	93
858	89	65
859	98	74
860	67	97
861	82	59
862	91	53
863	52	51
864	55	58
865	67	93
866	65	88
867	56	71
868	66	88
869	69	62
870	99	75
871	52	53
872	81	76
873	79	93
874	50	50
875	62	52
876	65	62
877	87	85
878	63	100
879	61	86
880	76	87
881	87	99
882	67	87
883	78	55
884	78	77
885	95	97
886	73	60
887	64	96
888	78	65
889	64	70
890	86	72
891	69	68
892	92	55
893	69	50
894	64	53
895	67	94
896	78	84
897	84	62
898	81	55
899	75	97
900	97	67
901	100	58
902	80	60
903	98	69
904	89	77
905	82	83
906	87	98
907	53	76
908	89	80
909	73	87
910	78	90
911	56	54
912	58	78
913	92	68
914	50	54
915	59	89
916	79	69
917	76	81
918	84	59
919	64	54
920	89	87
921	85	94
922	97	83
923	96	78
924	77	58
925	54	54
926	99	55
927	52	69
928	65	70
929	88	86
930	51	98
931	62	80
932	62	88
933	89	52
934	74	97
935	78	78
936	99	96
937	87	57
938	98	81
939	71	58
940	74	85
941	69	89
942	91	74
943	93	67
944	85	71
945	77	85
946	83	92
947	94	93
948	89	55
949	95	85
950	87	91
951	96	69
952	62	95
953	96	67
954	61	55
955	50	73
956	91	79
957	78	99
958	51	81
959	59	73
960	78	94
961	61	73
962	76	72
963	62	73
964	60	54
965	59	75
966	73	77
967	56	69
968	91	53
969	66	81
970	98	97
971	63	94
972	90	67
973	85	93
974	93	73
975	57	74
976	74	54
977	52	93
978	59	77
979	62	59
980	73	85
981	79	77
982	56	52
983	77	52
984	100	94
985	53	84
986	72	73
987	66	86
988	69	87
989	78	52
990	50	93
991	98	87
992	99	89
993	63	54
994	61	79
995	84	96
996	62	71
997	61	61
998	69	73
999	98	80
1000	94	92
1001	86	93
1002	80	74
1003	65	59
1004	84	90
1005	51	62
1006	93	63
1007	96	92
1008	63	61
1009	50	85
1010	59	99
1011	66	89
1012	87	56
1013	52	73
1014	56	80
1015	60	58
1016	84	74
1017	59	52
1018	81	89
1019	72	90
1020	89	77
1021	88	97
1022	50	55
1023	64	61
1024	86	63
1025	69	52
1026	56	76
1027	92	100
1028	90	93
1029	82	93
1030	97	79
1031	63	80
1032	84	75
1033	84	100
1034	79	100
1035	61	68
1036	98	91
1037	95	66
1038	86	52
1039	50	78
1040	66	51
1041	91	63
1042	75	53
1043	96	99
1044	95	73
1045	78	59
1046	58	87
1047	76	55
1048	100	62
1049	88	100
1050	79	85
1051	64	74
1052	88	61
1053	77	91
1054	88	97
1055	81	98
1056	83	90
1057	84	57
1058	72	87
1059	67	67
1060	93	99
1061	85	77
1062	70	100
1063	100	65
1064	88	95
1065	67	72
1066	74	69
1067	54	80
1068	71	92
1069	65	74
1070	78	68
1071	65	67
1072	77	62
1073	81	87
1074	88	71
1075	57	75
1076	71	56
1077	90	76
1078	72	80
1079	75	88
1080	57	79
1081	78	55
1082	77	60
1083	93	77
1084	57	76
1085	75	89
1086	80	53
1087	82	93
1088	69	72
1089	51	93
1090	100	73
1091	98	86
1092	69	100
1093	59	54
1094	98	84
1095	86	50
1096	96	76
1097	74	77
1098	56	61
1099	65	87
1100	50	72
1101	58	67
1102	99	54
1103	96	86
1104	93	50
1105	65	89
1106	73	82
1107	82	54
1108	76	58
1109	98	66
1110	77	80
1111	58	58
1112	87	66
1113	61	100
1114	52	66
1115	76	51
1116	63	75
1117	62	77
1118	54	60
1119	84	58
1120	60	99
1121	75	68
1122	82	92
1123	68	98
1124	77	72
1125	58	62
1126	57	90
1127	54	53
1128	69	66
1129	79	65
1130	51	82
1131	64	96
1132	91	91
1133	71	62
1134	69	78
1135	50	64
1136	92	85
1137	86	79
1138	77	80
1139	54	61
1140	71	50
1141	62	60
1142	91	94
1143	87	71
1144	93	57
1145	83	60
1146	92	87
1147	70	56
1148	68	78
1149	75	85
1150	70	70
1151	83	99
1152	77	77
1153	53	59
1154	95	50
1155	57	58
1156	89	88
1157	57	78
1158	95	55
1159	52	65
1160	59	69
1161	69	50
1162	69	88
1163	76	86
1164	95	91
1165	88	72
1166	84	60
1167	88	81
1168	55	90
1169	100	54
1170	60	90
1171	74	74
1172	53	94
1173	84	88
1174	99	98
1175	60	70
1176	59	74
1177	54	74
1178	96	82
1179	60	89
1180	65	100
1181	69	77
1182	67	80
1183	53	74
1184	94	85
1185	54	50
1186	54	94
1187	67	97
1188	76	71
1189	99	100
1190	69	86
1191	78	82
1192	85	53
1193	64	64
1194	95	83
1195	57	100
1196	51	86
1197	86	96
1198	91	83
1199	51	72
1200	83	97
1201	59	95
1202	54	83
1203	70	100
1204	90	65
1205	89	84
1206	60	57
1207	58	52
1208	73	90
1209	73	69
1210	56	98
1211	66	97
1212	90	56
1213	69	82
1214	73	82
1215	71	71
1216	51	61
1217	95	97
1218	55	80
1219	87	54
1220	60	67
1221	54	69
1222	67	69
1223	92	59
1224	59	56
1225	57	90
1226	67	64
1227	89	53
1228	86	80
1229	84	79
1230	99	68
1231	92	67
1232	83	79
1233	55	61
1234	91	79
1235	73	89
1236	85	58
1237	92	56
1238	63	51
1239	88	76
1240	55	70
1241	80	76
1242	63	51
1243	70	78
1244	60	82
1245	97	81
1246	75	93
1247	50	51
1248	61	57
1249	60	95
1250	76	81
1251	89	55
1252	85	88
1253	66	82
1254	70	72
1255	71	87
1256	89	81
1257	95	76
1258	88	78
1259	72	92
1260	86	76
1261	55	97
1262	69	61
1263	84	91
1264	74	74
1265	64	91
1266	68	60
1267	57	57
1268	96	90
1269	89	58
1270	52	76
1271	50	93
1272	74	89
1273	89	51
1274	84	89
1275	78	79
1276	67	62
1277	60	62
1278	83	70
1279	96	60
1280	81	79
1281	99	54
1282	56	50
1283	96	62
1284	94	56
1285	95	77
1286	86	53
1287	91	58
1288	68	82
1289	64	50
1290	87	72
1291	71	71
1292	97	91
1293	50	87
1294	58	64
1295	55	63
1296	67	100
1297	91	66
1298	89	92
1299	99	67
1300	61	99
1301	62	70
1302	92	91
1303	57	60
1304	99	94
1305	77	68
1306	58	64
1307	80	88
1308	75	63
1309	88	50
1310	71	58
1311	62	75
1312	68	87
1313	89	57
1314	58	77
1315	70	68
1316	96	74
1317	85	56
1318	63	62
1319	53	53
1320	92	50
1321	63	98
1322	62	50
1323	58	88
1324	99	80
1325	64	54
1326	53	81
1327	56	75
1328	81	68
1329	91	65
1330	81	63
1331	53	97
1332	89	58
1333	88	73
1334	68	54
1335	96	92
1336	92	58
1337	71	93
1338	71	51
1339	72	50
1340	95	76
1341	96	64
1342	89	68
1343	79	85
1344	86	86
1345	67	52
1346	66	74
1347	72	81
1348	57	85
1349	85	78
1350	89	81
1351	87	83
1352	91	61
1353	85	83
1354	69	87
1355	98	89
1356	93	99
1357	83	53
1358	88	70
1359	72	73
1360	76	86
1361	74	66
1362	100	86
1363	69	50
1364	97	72
1365	79	73
1366	90	72
1367	59	98
1368	51	89
1369	68	90
1370	60	62
1371	91	83
1372	69	54
1373	52	92
1374	79	88
1375	77	94
1376	55	51
1377	81	80
1378	57	83
1379	55	61
1380	96	74
1381	51	65
1382	57	51
1383	86	64
1384	55	80
1385	92	64
1386	90	55
1387	79	54
1388	98	57
1389	78	57
1390	80	90
1391	57	69
1392	63	93
1393	65	69
1394	68	89
1395	94	52
1396	56	65
1397	73	71
1398	60	80
1399	56	73
1400	57	93
1401	70	82
1402	65	89
1403	68	55
1404	99	71
1405	100	79
1406	92	65
1407	96	90
1408	89	53
1409	79	62
1410	68	89
1411	97	99
1412	72	62
1413	51	64
1414	97	73
1415	69	94
1416	72	97
1417	95	82
1418	88	60
1419	73	76
1420	90	57
1421	86	95
1422	90	94
1423	55	60
1424	62	68
1425	89	91
1426	81	76
1427	100	74
1428	56	86
1429	85	82
1430	59	60
1431	67	55
1432	62	63
1433	62	60
1434	80	67
1435	87	55
1436	54	86
1437	57	69
1438	96	60
1439	94	64
1440	68	86
1441	52	63
1442	66	62
1443	54	67
1444	82	69
1445	75	76
1446	86	59
1447	97	84
1448	100	95
1449	97	93
1450	89	93
1451	63	90
1452	73	67
1453	99	73
1454	74	83
1455	54	82
1456	81	66
1457	86	92
1458	97	59
1459	72	52
1460	85	74
1461	83	57
1462	50	88
1463	54	60
1464	96	83
1465	81	51
1466	56	90
1467	76	74
1468	90	90
1469	70	89
1470	59	89
1471	99	63
1472	97	88
1473	89	99
1474	93	96
1475	63	65
1476	54	75
1477	70	55
1478	54	62
1479	53	66
1480	100	84
1481	81	77
1482	92	99
1483	86	89
1484	66	98
1485	80	91
1486	82	82
1487	63	89
1488	84	87
1489	68	90
1490	50	64
1491	84	73
1492	68	56
1493	93	61
1494	99	64
1495	95	64
1496	55	54
1497	73	56
1498	84	51
1499	55	75
1500	65	93
1501	55	68
1502	91	95
1503	76	79
1504	74	60
1505	90	97
1506	70	56
1507	61	77
1508	59	63
1509	65	69
1510	94	63
1511	99	54
1512	85	82
1513	90	62
1514	82	94
1515	95	59
1516	51	56
1517	96	80
1518	61	61
1519	61	54
1520	88	76
1521	96	53
1522	97	99
1523	72	83
1524	99	69
1525	65	67
1526	79	55
1527	95	54
1528	77	90
1529	72	58
1530	90	88
1531	63	76
1532	86	58
1533	87	58
1534	79	56
1535	63	60
1536	67	86
1537	99	54
1538	96	76
1539	50	77
1540	57	90
1541	59	96
1542	55	60
1543	83	88
1544	91	51
1545	80	55
1546	63	73
1547	92	53
1548	80	93
1549	96	75
1550	56	62
1551	86	86
1552	93	71
1553	55	66
1554	82	74
1555	91	81
1556	87	71
1557	50	69
1558	100	61
1559	86	51
1560	73	94
1561	78	100
1562	87	63
1563	85	68
1564	85	75
1565	81	68
1566	58	92
1567	99	81
1568	98	74
1569	100	70
1570	65	50
1571	75	67
1572	85	98
1573	73	73
1574	59	71
1575	56	76
1576	58	81
1577	99	80
1578	100	59
1579	63	69
1580	65	81
1581	66	85
1582	90	82
1583	76	53
1584	80	69
1585	86	81
1586	77	74
1587	93	72
1588	56	54
1589	70	58
1590	96	74
1591	85	72
1592	75	90
1593	57	96
1594	94	99
1595	51	89
1596	94	63
1597	100	70
1598	93	96
1599	90	52
1600	69	57
1601	72	76
1602	76	96
1603	96	52
1604	75	66
1605	59	94
1606	87	91
1607	57	87
1608	76	89
1609	91	92
1610	90	78
1611	99	88
1612	99	88
1613	58	58
1614	51	61
1615	74	89
1616	57	72
1617	67	82
1618	92	85
1619	74	100
1620	79	92
1621	66	61
1622	82	100
1623	71	77
1624	53	98
1625	74	73
1626	67	95
1627	70	52
1628	58	82
1629	53	86
1630	66	56
1631	53	82
1632	55	62
1633	76	70
1634	63	98
1635	60	97
1636	84	58
1637	79	63
1638	80	90
1639	58	82
1640	65	76
1641	89	59
1642	69	52
1643	78	53
1644	90	76
1645	74	86
1646	99	54
1647	94	77
1648	58	68
1649	86	84
1650	89	97
1651	75	52
1652	93	95
1653	96	74
1654	69	52
1655	95	57
1656	100	63
1657	65	65
1658	88	64
1659	94	100
1660	60	66
1661	66	90
1662	62	59
1663	84	65
1664	96	56
1665	68	97
1666	89	60
1667	91	62
1668	78	69
1669	61	79
1670	56	84
1671	60	79
1672	52	94
1673	71	60
1674	56	75
1675	66	93
1676	79	64
1677	56	71
1678	54	52
1679	95	58
1680	81	93
1681	97	86
1682	54	62
1683	100	96
1684	84	89
1685	100	50
1686	79	68
1687	82	58
1688	53	56
1689	69	84
1690	82	67
1691	81	69
1692	94	50
1693	94	70
1694	60	76
1695	72	99
1696	87	100
1697	62	66
1698	85	97
1699	93	71
1700	85	89
1701	95	50
1702	70	98
1703	53	68
1704	53	73
1705	52	54
1706	90	61
1707	92	65
1708	61	51
1709	77	85
1710	99	52
1711	98	68
1712	84	88
1713	91	90
1714	61	56
1715	95	76
1716	54	85
1717	67	72
1718	55	60
1719	100	81
1720	53	69
1721	67	86
1722	93	92
1723	69	59
1724	50	64
1725	69	66
1726	68	79
1727	64	74
1728	70	65
1729	92	55
1730	75	88
1731	89	88
1732	53	61
1733	50	95
1734	97	86
1735	66	68
1736	79	100
1737	62	88
1738	83	66
1739	71	78
1740	95	83
1741	76	83
1742	72	65
1743	93	83
1744	62	81
1745	65	78
1746	79	71
1747	55	91
1748	80	81
1749	92	87
1750	55	81
1751	62	92
1752	70	99
1753	88	99
1754	84	64
1755	85	51
1756	75	67
1757	53	97
1758	79	54
1759	71	83
1760	86	90
1761	92	80
1762	92	79
1763	85	81
1764	83	69
1765	54	90
1766	77	65
1767	55	57
1768	83	93
1769	96	73
1770	94	95
1771	79	97
1772	69	50
1773	82	77
1774	78	62
1775	82	62
1776	83	89
1777	59	89
1778	70	97
1779	52	94
1780	93	82
1781	52	80
1782	56	86
1783	84	64
1784	81	87
1785	96	97
1786	76	87
1787	79	80
1788	53	95
1789	95	62
1790	74	89
1791	72	91
1792	51	52
1793	69	78
1794	84	52
1795	55	55
1796	57	84
1797	63	73
1798	91	87
1799	76	59
1800	97	50
1801	55	51
1802	66	98
1803	79	57
1804	97	67
1805	50	76
1806	56	51
1807	76	90
1808	63	59
1809	87	69
1810	98	96
1811	54	79
1812	91	94
1813	82	50
1814	82	64
1815	50	88
1816	85	84
1817	96	58
1818	72	85
1819	86	60
1820	96	54
1821	87	82
1822	58	74
1823	67	93
1824	69	55
1825	93	88
1826	89	64
1827	75	95
1828	98	98
1829	74	57
1830	75	60
1831	93	97
1832	64	72
1833	72	77
1834	65	84
1835	88	88
1836	95	96
1837	89	91
1838	65	66
1839	65	92
1840	52	63
1841	86	90
1842	81	100
1843	91	67
1844	56	77
1845	98	65
1846	54	76
1847	65	69
1848	67	80
1849	92	56
1850	99	99
1851	57	65
1852	73	67
1853	99	72
1854	79	55
1855	75	56
1856	92	72
1857	93	66
1858	95	62
1859	83	76
1860	52	50
1861	55	81
1862	81	54
1863	84	64
1864	55	82
1865	59	76
1866	51	85
1867	71	83
1868	65	87
1869	85	98
1870	100	51
1871	71	91
1872	73	81
1873	51	87
1874	69	75
1875	51	81
1876	66	61
1877	93	87
1878	80	56
1879	71	59
1880	52	56
1881	60	69
1882	73	81
1883	86	77
1884	94	53
1885	56	78
1886	92	65
1887	84	85
1888	58	59
1889	52	62
1890	87	50
1891	54	63
1892	60	55
1893	81	92
1894	91	86
1895	82	61
1896	97	73
1897	88	92
1898	58	66
1899	92	59
1900	89	67
1901	79	70
1902	50	93
1903	67	82
1904	82	56
1905	72	69
1906	68	58
1907	94	56
1908	93	59
1909	97	51
1910	70	64
1911	75	65
1912	95	57
1913	76	54
1914	91	58
1915	77	90
1916	56	96
1917	74	52
1918	57	71
1919	99	58
1920	67	64
1921	55	73
1922	62	95
1923	91	83
1924	96	52
1925	52	93
1926	85	90
1927	99	75
1928	93	69
1929	86	75
1930	86	74
1931	58	84
1932	54	65
1933	96	55
1934	58	81
1935	51	54
1936	81	66
1937	95	54
1938	78	63
1939	89	56
1940	67	99
1941	72	98
1942	50	74
1943	72	53
1944	70	62
1945	51	83
1946	59	90
1947	80	82
1948	76	54
1949	87	50
1950	59	70
1951	66	94
1952	81	59
1953	69	55
1954	71	84
1955	54	97
1956	99	59
1957	70	60
1958	63	84
1959	76	89
1960	51	74
1961	91	65
1962	95	93
1963	100	91
1964	98	77
1965	63	73
1966	74	57
1967	82	94
1968	83	61
1969	61	65
1970	74	82
1971	74	96
1972	76	87
1973	50	69
1974	63	55
1975	100	59
1976	76	61
1977	77	90
1978	75	91
1979	54	58
1980	64	79
1981	85	87
1982	97	85
1983	76	98
1984	81	60
1985	92	95
1986	87	91
1987	65	65
1988	86	71
1989	50	56
1990	72	69
1991	77	53
1992	86	72
1993	97	85
1994	52	73
1995	82	81
1996	59	82
1997	67	65
1998	94	61
1999	87	76
2000	62	89
2001	91	63
2002	80	70
2003	69	73
2004	61	86
2005	70	51
2006	92	72
2007	58	85
2008	96	67
2009	68	52
2010	61	51
2011	93	89
2012	75	58
2013	98	78
2014	62	65
2015	99	66
2016	78	60
2017	56	58
2018	85	86
2019	64	89
2020	68	95
2021	56	66
2022	80	96
2023	88	53
2024	63	77
2025	55	91
2026	50	97
2027	66	50
2028	81	77
2029	78	94
2030	82	58
2031	95	89
2032	60	69
2033	63	65
2034	53	70
2035	83	85
2036	70	90
2037	55	98
2038	52	91
2039	87	83
2040	100	100
2041	83	92
2042	93	80
2043	79	90
2044	66	51
2045	55	74
2046	77	87
2047	56	80
2048	58	90
2049	53	63
2050	74	56
2051	78	78
2052	99	88
2053	67	83
2054	66	52
2055	78	62
2056	77	100
2057	70	72
2058	55	79
2059	86	74
2060	100	69
2061	84	99
2062	99	95
2063	60	97
2064	93	58
2065	84	72
2066	61	54
2067	54	62
2068	87	71
2069	92	93
2070	57	73
2071	58	68
2072	84	78
2073	69	91
2074	88	53
2075	86	72
2076	90	95
2077	54	93
2078	97	65
2079	93	73
2080	72	73
2081	62	92
2082	61	79
2083	57	73
2084	84	96
2085	76	73
2086	53	94
2087	54	66
2088	63	72
2089	53	60
2090	84	55
2091	80	72
2092	73	87
2093	88	76
2094	88	95
2095	88	74
2096	58	92
2097	53	88
2098	72	76
2099	85	92
2100	92	94
2101	63	70
2102	68	80
2103	61	68
2104	78	97
2105	68	87
2106	67	73
2107	63	64
2108	99	81
2109	69	53
2110	58	51
2111	76	99
2112	87	81
2113	90	96
2114	100	69
2115	84	94
2116	100	52
2117	77	50
2118	69	90
2119	89	86
2120	69	66
2121	80	73
2122	100	80
2123	90	53
2124	68	63
2125	59	69
2126	63	62
2127	72	89
2128	72	57
2129	92	90
2130	74	88
2131	60	56
2132	98	90
2133	97	90
2134	82	76
2135	97	86
2136	50	73
2137	73	61
2138	79	99
2139	96	91
2140	82	86
2141	55	96
2142	90	83
2143	84	81
2144	80	75
2145	85	56
2146	67	61
2147	91	76
2148	96	62
2149	78	52
2150	64	94
2151	53	52
2152	82	76
2153	56	74
2154	89	78
2155	82	64
2156	60	51
2157	82	82
2158	60	64
2159	60	73
2160	100	81
2161	100	89
2162	95	95
2163	90	86
2164	90	95
2165	87	87
2166	66	84
2167	63	63
2168	87	87
2169	77	73
2170	96	62
2171	86	93
2172	78	73
2173	96	83
2174	51	100
2175	96	87
2176	59	87
2177	72	54
2178	89	61
2179	50	69
2180	75	67
2181	98	53
2182	61	65
2183	66	97
2184	73	98
2185	76	56
2186	95	65
2187	96	70
2188	54	52
2189	57	54
2190	63	66
2191	57	83
2192	65	89
2193	90	82
2194	73	64
2195	55	75
2196	68	88
2197	97	63
2198	51	69
2199	94	72
2200	61	84
2201	54	50
2202	72	74
2203	87	83
2204	51	94
2205	89	56
2206	92	58
2207	89	96
2208	61	79
2209	57	86
2210	67	55
2211	98	99
2212	98	51
2213	75	70
2214	83	66
2215	73	96
2216	69	87
2217	79	52
2218	54	58
2219	80	89
2220	64	96
2221	81	55
2222	95	86
2223	78	89
2224	68	62
2225	71	81
2226	72	73
2227	66	76
2228	99	86
2229	52	73
2230	75	57
2231	96	85
2232	66	99
2233	82	96
2234	89	93
2235	95	61
2236	67	79
2237	76	60
2238	74	92
2239	90	73
2240	80	87
2241	54	55
2242	80	74
2243	75	98
2244	100	64
2245	68	76
2246	59	89
2247	52	51
2248	71	61
2249	86	62
2250	76	73
2251	68	71
2252	98	99
2253	57	67
2254	67	67
2255	52	55
2256	71	97
2257	79	79
2258	79	80
2259	72	83
2260	99	75
2261	89	89
2262	98	57
2263	58	51
2264	63	74
2265	58	85
2266	69	64
2267	70	99
2268	54	61
2269	91	74
2270	66	95
2271	60	93
2272	71	94
2273	97	81
2274	63	99
2275	81	52
2276	86	97
2277	79	54
2278	77	54
2279	96	66
2280	98	91
2281	98	53
2282	95	82
2283	54	85
2284	83	66
2285	79	98
2286	82	82
2287	60	99
2288	51	68
2289	96	84
2290	87	74
2291	80	82
2292	63	72
2293	95	68
2294	58	94
2295	52	70
2296	95	80
2297	72	80
2298	93	59
2299	91	88
2300	76	53
2301	81	58
2302	98	80
2303	55	90
2304	77	53
2305	61	53
2306	66	77
2307	79	81
2308	99	51
2309	86	75
2310	61	56
2311	72	70
2312	56	77
2313	84	91
2314	83	59
2315	53	75
2316	57	64
2317	64	79
2318	58	84
2319	68	77
2320	53	70
2321	83	88
2322	66	63
2323	71	86
2324	78	93
2325	65	52
2326	82	61
2327	55	81
2328	78	56
2329	65	86
2330	92	52
2331	92	54
2332	53	52
2333	88	61
2334	79	82
2335	77	87
2336	54	76
2337	88	93
2338	56	61
2339	64	71
2340	76	66
2341	98	57
2342	87	62
2343	83	79
2344	92	79
2345	75	67
2346	97	60
2347	85	77
2348	97	88
2349	70	81
2350	57	56
2351	87	97
2352	68	91
2353	97	95
2354	55	82
2355	54	82
2356	97	75
2357	97	50
2358	64	63
2359	77	67
2360	91	83
2361	78	60
2362	55	66
2363	94	84
2364	89	80
2365	70	69
2366	59	93
2367	71	73
2368	83	56
2369	97	89
2370	64	78
2371	63	94
2372	91	95
2373	56	75
2374	86	93
2375	87	82
2376	76	63
2377	77	65
2378	77	79
2379	97	87
2380	81	52
2381	83	90
2382	87	55
2383	61	77
2384	56	75
2385	70	74
2386	51	96
2387	51	57
2388	58	91
2389	88	98
2390	65	76
2391	58	100
2392	76	99
2393	91	90
2394	52	96
2395	100	100
2396	60	95
2397	53	67
2398	65	97
2399	89	63
2400	51	72
2401	89	89
2402	54	83
2403	90	54
2404	79	62
2405	65	71
2406	57	92
2407	59	89
2408	100	71
2409	51	52
2410	81	91
2411	93	88
2412	59	82
2413	92	69
2414	96	55
2415	61	56
2416	76	96
2417	96	85
2418	52	58
2419	50	90
2420	88	78
2421	77	69
2422	79	95
2423	79	58
2424	98	86
2425	64	79
2426	83	80
2427	80	96
2428	85	86
2429	76	64
2430	77	62
2431	66	50
2432	82	60
2433	70	87
2434	86	72
2435	76	75
2436	98	94
2437	98	79
2438	96	72
2439	57	81
2440	54	50
2441	93	92
2442	97	69
2443	66	50
2444	56	70
2445	87	80
2446	70	92
2447	88	76
2448	92	64
2449	97	91
2450	56	90
2451	64	59
2452	93	65
2453	75	73
2454	79	69
2455	74	50
2456	92	53
2457	75	51
2458	77	85
2459	62	80
2460	72	59
2461	60	99
2462	91	55
2463	76	82
2464	73	100
2465	78	90
2466	53	67
2467	84	55
2468	64	77
2469	70	91
2470	94	77
2471	54	62
2472	60	72
2473	74	58
2474	56	57
2475	82	51
2476	66	98
2477	61	91
2478	87	87
2479	62	74
2480	53	77
2481	61	91
2482	77	96
2483	55	59
2484	89	99
2485	78	72
2486	95	73
2487	58	64
2488	82	66
2489	63	96
2490	67	75
2491	80	76
2492	88	93
2493	65	65
2494	60	61
2495	90	53
2496	74	52
2497	78	75
2498	89	94
2499	79	89
2500	71	63
2501	83	95
2502	58	85
2503	53	55
2504	94	63
2505	50	84
2506	55	87
2507	67	81
2508	90	73
2509	79	78
2510	95	72
2511	69	59
2512	86	59
2513	77	66
2514	79	64
2515	90	84
2516	54	76
2517	81	69
2518	66	79
2519	83	83
2520	91	63
2521	75	75
2522	93	75
2523	74	73
2524	65	63
2525	89	79
2526	98	52
2527	51	69
2528	94	97
2529	97	89
2530	65	100
2531	82	90
2532	53	92
2533	91	53
2534	77	55
2535	60	70
2536	91	73
2537	59	66
2538	90	81
2539	75	84
2540	91	99
2541	61	73
2542	92	91
2543	80	65
2544	60	60
2545	65	55
2546	91	62
2547	53	70
2548	50	63
2549	53	64
2550	69	80
2551	63	75
2552	76	94
2553	75	75
2554	97	60
2555	59	77
2556	59	77
2557	53	86
2558	94	60
2559	77	56
2560	70	79
2561	66	58
2562	73	95
2563	69	57
2564	72	68
2565	99	50
2566	68	61
2567	71	79
2568	57	85
2569	97	95
2570	72	84
2571	77	57
2572	80	87
2573	62	74
2574	56	96
2575	62	86
2576	92	89
2577	79	93
2578	96	71
2579	77	65
2580	54	62
2581	96	87
2582	97	83
2583	58	78
2584	87	75
2585	89	88
2586	59	91
2587	55	90
2588	81	53
2589	96	62
2590	97	59
2591	98	78
2592	92	68
2593	55	53
2594	74	83
2595	74	83
2596	62	57
2597	58	69
2598	52	98
2599	93	88
2600	73	86
2601	52	70
2602	93	98
2603	64	67
2604	64	54
2605	97	85
2606	56	50
2607	81	57
2608	93	92
2609	78	87
2610	87	62
2611	84	71
2612	100	83
2613	73	69
2614	54	83
2615	81	89
2616	97	98
2617	56	56
2618	83	54
2619	63	65
2620	77	50
2621	59	94
2622	95	68
2623	63	52
2624	63	74
2625	67	90
2626	50	56
2627	60	69
2628	91	59
2629	73	90
2630	50	75
2631	87	97
2632	83	83
2633	73	66
2634	91	79
2635	82	61
2636	76	54
2637	66	71
2638	93	97
2639	51	87
2640	69	78
2641	99	67
2642	88	77
2643	73	64
2644	59	63
2645	58	79
2646	61	55
2647	73	72
2648	64	73
2649	92	71
2650	55	64
2651	88	88
2652	62	69
2653	51	89
2654	98	79
2655	79	87
2656	86	51
2657	100	54
2658	54	52
2659	84	94
2660	65	74
2661	70	91
2662	96	96
2663	55	66
2664	57	86
2665	78	89
2666	57	98
2667	85	99
2668	87	72
2669	59	55
2670	86	64
2671	100	56
2672	86	82
2673	50	86
2674	62	72
2675	99	68
2676	87	93
2677	74	60
2678	67	79
2679	96	66
2680	55	68
2681	87	90
2682	85	89
2683	83	58
2684	71	90
2685	91	96
2686	96	55
2687	94	100
2688	95	89
2689	59	93
2690	61	97
2691	63	76
2692	59	89
2693	56	71
2694	68	84
2695	65	74
2696	55	53
2697	59	100
2698	90	67
2699	58	73
2700	62	91
2701	80	70
2702	53	55
2703	88	59
2704	78	62
2705	83	79
2706	92	96
2707	56	85
2708	60	59
2709	84	71
2710	57	90
2711	85	81
2712	84	70
2713	69	73
2714	56	53
2715	54	50
2716	67	73
2717	92	84
2718	97	67
2719	76	87
2720	65	78
2721	96	100
2722	89	66
2723	88	66
2724	96	99
2725	97	55
2726	87	91
2727	88	67
2728	89	86
2729	99	92
2730	56	90
2731	77	99
2732	91	78
2733	87	71
2734	94	80
2735	76	65
2736	60	72
2737	76	50
2738	50	73
2739	58	98
2740	59	66
2741	65	99
2742	83	95
2743	61	81
2744	65	74
2745	57	85
2746	90	53
2747	61	80
2748	51	62
2749	66	97
2750	71	71
2751	63	100
2752	94	71
2753	85	93
2754	56	60
2755	50	73
2756	64	73
2757	53	73
2758	96	97
2759	97	79
2760	95	89
2761	64	56
2762	98	94
2763	92	79
2764	92	76
2765	98	58
2766	84	98
2767	67	50
2768	56	78
2769	83	65
2770	64	66
2771	52	62
2772	68	74
2773	85	68
2774	87	68
2775	99	90
2776	54	74
2777	53	75
2778	54	84
2779	100	59
2780	93	56
2781	74	72
2782	76	66
2783	68	97
2784	81	51
2785	68	60
2786	80	54
2787	92	57
2788	98	92
2789	65	78
2790	77	53
2791	98	73
2792	77	56
2793	87	97
2794	81	71
2795	82	100
2796	53	52
2797	60	54
2798	62	93
2799	70	56
2800	99	70
2801	87	67
2802	80	70
2803	93	84
2804	66	73
2805	93	50
2806	98	64
2807	95	92
2808	82	71
2809	100	56
2810	71	77
2811	66	60
2812	76	54
2813	70	98
2814	80	72
2815	99	92
2816	98	52
2817	93	88
2818	84	75
2819	81	64
2820	52	58
2821	68	93
2822	54	65
2823	64	82
2824	64	57
2825	95	95
2826	96	98
2827	94	85
2828	93	52
2829	75	50
2830	94	50
2831	85	64
2832	58	77
2833	91	87
2834	52	58
2835	85	86
2836	52	73
2837	78	88
2838	59	50
2839	68	57
2840	99	59
2841	64	89
2842	88	75
2843	58	71
2844	76	77
2845	79	82
2846	64	83
2847	73	70
2848	88	98
2849	69	75
2850	88	69
2851	85	51
2852	52	56
2853	79	65
2854	61	52
2855	79	81
2856	87	87
2857	60	94
2858	97	73
2859	59	91
2860	70	80
2861	86	57
2862	80	89
2863	55	63
2864	93	83
2865	98	55
2866	64	62
2867	100	51
2868	80	59
2869	60	60
2870	94	81
2871	90	73
2872	100	52
2873	58	97
2874	85	63
2875	93	99
2876	51	88
2877	72	60
2878	95	94
2879	66	60
2880	51	88
2881	99	81
2882	85	76
2883	91	87
2884	70	95
2885	59	65
2886	83	81
2887	83	87
2888	64	52
2889	90	73
2890	80	53
2891	50	94
2892	71	58
2893	50	92
2894	80	54
2895	61	80
2896	56	93
2897	79	94
2898	60	80
2899	92	66
2900	71	99
2901	79	55
2902	59	58
2903	84	74
2904	82	80
2905	85	68
2906	86	93
2907	61	94
2908	62	73
2909	97	57
2910	60	89
2911	61	77
2912	82	83
2913	95	60
2914	92	56
2915	52	52
2916	68	89
2917	57	95
2918	75	85
2919	79	87
2920	57	81
2921	77	91
2922	77	70
2923	72	77
2924	60	55
2925	91	65
2926	78	55
2927	77	94
2928	57	70
2929	71	66
2930	72	75
2931	59	92
2932	57	65
2933	59	92
2934	85	61
2935	55	59
2936	89	80
2937	92	94
2938	67	84
2939	72	80
2940	100	52
2941	83	86
2942	92	57
2943	95	59
2944	60	57
2945	61	97
2946	92	86
2947	63	53
2948	73	89
2949	94	86
2950	58	100
2951	96	98
2952	84	93
2953	81	58
2954	74	63
2955	57	73
2956	100	83
2957	50	100
2958	73	51
2959	55	75
2960	74	80
2961	83	86
2962	53	59
2963	91	74
2964	80	57
2965	87	56
2966	56	63
2967	88	54
2968	74	71
2969	83	55
2970	55	95
2971	57	89
2972	60	50
2973	51	89
2974	59	89
2975	73	82
2976	76	52
2977	54	77
2978	84	61
2979	70	80
2980	91	81
2981	76	59
2982	61	72
2983	92	84
2984	72	91
2985	79	68
2986	81	93
2987	76	66
2988	92	94
2989	70	72
2990	80	52
2991	99	91
2992	52	61
2993	72	59
2994	93	94
2995	72	50
2996	55	99
2997	88	50
2998	63	83
2999	95	68
3000	69	81
3001	71	73
3002	91	57
3003	58	78
3004	99	85
3005	61	88
3006	51	78
3007	95	60
3008	96	96
3009	98	94
3010	90	59
3011	68	99
3012	89	70
3013	65	72
3014	91	80
3015	77	60
3016	50	90
3017	96	63
3018	83	81
3019	80	79
3020	93	54
3021	77	63
3022	60	92
3023	61	57
3024	99	89
3025	66	70
3026	73	98
3027	85	50
3028	88	93
3029	86	74
3030	72	94
3031	59	64
3032	64	96
3033	65	82
3034	53	71
3035	85	58
3036	61	81
3037	72	99
3038	59	66
3039	88	53
3040	89	66
3041	89	90
3042	51	72
3043	66	55
3044	88	68
3045	75	99
3046	73	63
3047	99	70
3048	86	89
3049	61	55
3050	75	67
3051	70	81
3052	52	72
3053	61	76
3054	100	76
3055	55	58
3056	98	75
3057	57	65
3058	93	93
3059	65	99
3060	70	86
3061	59	93
3062	58	65
3063	65	51
3064	63	79
3065	51	87
3066	93	84
3067	62	75
3068	67	89
3069	98	85
3070	94	72
3071	98	67
3072	56	100
3073	93	56
3074	73	64
3075	56	83
3076	51	88
3077	52	75
3078	52	60
3079	71	79
3080	54	68
3081	54	87
3082	84	78
3083	58	95
3084	70	66
3085	93	86
3086	97	68
3087	63	58
3088	57	81
3089	76	95
3090	80	69
3091	98	52
3092	59	54
3093	56	89
3094	52	69
3095	50	71
3096	68	84
3097	60	73
3098	86	72
3099	55	77
3100	79	82
3101	76	74
3102	51	74
3103	100	63
3104	84	96
3105	86	64
3106	62	69
3107	55	95
3108	53	59
3109	98	86
3110	78	54
3111	90	71
3112	54	84
3113	55	67
3114	60	68
3115	66	86
3116	59	89
3117	78	56
3118	56	63
3119	78	70
3120	80	69
3121	72	72
3122	93	57
3123	68	56
3124	76	64
3125	76	95
3126	61	53
3127	61	77
3128	75	96
3129	75	70
3130	100	73
3131	98	82
3132	97	58
3133	73	67
3134	74	79
3135	72	75
3136	66	96
3137	81	59
3138	52	61
3139	92	97
3140	93	99
3141	59	87
3142	96	63
3143	75	82
3144	91	78
3145	71	94
3146	96	71
3147	55	69
3148	88	72
3149	64	77
3150	94	85
3151	52	68
3152	61	85
3153	62	60
3154	77	68
3155	70	71
3156	51	69
3157	70	97
3158	95	94
3159	69	86
3160	75	72
3161	98	96
3162	59	78
3163	66	100
3164	53	71
3165	84	67
3166	50	91
3167	53	76
3168	87	79
3169	89	84
3170	60	98
3171	73	63
3172	55	92
3173	95	63
3174	100	88
3175	90	87
3176	60	85
3177	59	68
3178	83	97
3179	81	53
3180	78	99
3181	68	50
3182	66	75
3183	53	75
3184	78	98
3185	73	87
3186	91	72
3187	72	100
3188	69	86
3189	59	92
3190	98	62
3191	55	96
3192	89	91
3193	92	84
3194	86	81
3195	58	63
3196	56	54
3197	55	75
3198	60	85
3199	72	98
3200	95	52
3201	77	65
3202	91	73
3203	59	85
3204	81	92
3205	75	51
3206	83	99
3207	72	57
3208	54	58
3209	65	84
3210	79	73
3211	68	89
3212	73	95
3213	91	72
3214	98	92
3215	70	71
3216	75	76
3217	91	57
3218	100	72
3219	72	56
3220	51	90
3221	76	78
3222	77	93
3223	56	54
3224	93	82
3225	73	80
3226	95	100
3227	95	75
3228	96	79
3229	59	88
3230	82	62
3231	72	85
3232	80	90
3233	94	72
3234	92	70
3235	75	52
3236	73	94
3237	80	98
3238	80	57
3239	56	96
3240	86	88
3241	87	51
3242	64	84
3243	66	86
3244	54	97
3245	55	100
3246	91	82
3247	86	97
3248	64	81
3249	64	63
3250	66	89
3251	56	62
3252	90	98
3253	69	97
3254	76	68
3255	77	100
3256	74	58
3257	98	86
3258	63	78
3259	83	100
3260	96	82
3261	82	74
3262	54	81
3263	51	58
3264	57	72
3265	87	65
3266	72	87
3267	77	65
3268	92	74
3269	77	94
3270	79	79
3271	97	67
3272	72	89
3273	94	90
3274	62	64
3275	50	77
3276	85	66
3277	90	67
3278	75	86
3279	68	52
3280	81	73
3281	68	78
3282	76	77
3283	83	95
3284	64	55
3285	68	54
3286	96	65
3287	56	67
3288	75	76
3289	87	83
3290	74	100
3291	80	65
3292	100	52
3293	94	98
3294	67	61
3295	91	89
3296	58	85
3297	72	56
3298	51	64
3299	77	75
3300	90	94
3301	69	88
3302	83	61
3303	81	89
3304	57	71
3305	82	77
3306	58	85
3307	63	93
3308	61	57
3309	100	53
3310	60	86
3311	87	52
3312	52	81
3313	94	97
3314	67	99
3315	60	59
3316	52	58
3317	56	53
3318	70	89
3319	93	58
3320	58	55
3321	64	97
3322	56	54
3323	60	64
3324	99	71
3325	91	96
3326	60	79
3327	86	66
3328	91	67
3329	51	81
3330	85	89
3331	70	63
3332	56	55
3333	76	80
3334	56	87
3335	77	64
3336	55	62
3337	95	80
3338	84	93
3339	53	64
3340	57	55
3341	94	71
3342	69	58
3343	58	63
3344	61	55
3345	66	54
3346	74	88
3347	51	73
3348	92	63
3349	63	58
3350	95	56
3351	89	51
3352	99	96
3353	70	68
3354	81	64
3355	82	62
3356	74	77
3357	84	79
3358	91	87
3359	59	57
3360	55	94
3361	85	58
3362	56	54
3363	86	73
3364	68	94
3365	53	85
3366	76	78
3367	93	51
3368	65	75
3369	68	76
3370	73	93
3371	81	56
3372	70	97
3373	75	55
3374	76	73
3375	51	72
3376	58	93
3377	59	86
3378	91	98
3379	75	65
3380	85	93
3381	88	55
3382	75	96
3383	68	59
3384	93	74
3385	84	65
3386	97	100
3387	100	85
3388	53	51
3389	87	57
3390	64	75
3391	85	69
3392	51	55
3393	93	63
3394	63	55
3395	72	67
3396	59	81
3397	67	100
3398	79	98
3399	77	63
3400	52	51
3401	94	75
3402	95	61
3403	90	76
3404	62	90
3405	83	86
3406	75	73
3407	74	72
3408	97	98
3409	88	60
3410	55	51
3411	78	71
3412	53	93
3413	92	73
3414	89	60
3415	92	64
3416	95	81
3417	57	75
3418	73	69
3419	98	79
3420	62	85
3421	77	62
3422	60	55
3423	74	70
3424	50	75
3425	95	65
3426	74	61
3427	89	71
3428	63	99
3429	52	77
3430	75	91
3431	59	95
3432	60	99
3433	87	60
3434	78	53
3435	89	100
3436	67	60
3437	87	93
3438	100	97
3439	87	79
3440	69	55
3441	63	68
3442	73	92
3443	80	75
3444	73	53
3445	81	99
3446	82	100
3447	67	73
3448	67	62
3449	50	74
3450	77	91
3451	51	64
3452	98	81
3453	79	84
3454	80	62
3455	82	89
3456	72	78
3457	99	100
3458	77	76
3459	64	82
3460	93	80
3461	52	89
3462	50	86
3463	71	73
3464	55	66
3465	57	52
3466	54	90
3467	72	61
3468	84	71
3469	55	86
3470	64	71
3471	74	99
3472	100	88
3473	54	53
3474	85	94
3475	76	54
3476	93	82
3477	71	62
3478	93	93
3479	50	92
3480	66	97
3481	54	94
3482	61	78
3483	74	67
3484	53	97
3485	72	87
3486	70	74
3487	99	57
3488	55	89
3489	71	54
3490	77	90
3491	56	51
3492	71	95
3493	66	92
3494	82	72
3495	65	61
3496	67	90
3497	97	95
3498	53	72
3499	99	57
3500	85	88
3501	88	56
3502	78	61
3503	58	84
3504	99	63
3505	91	71
3506	65	51
3507	64	97
3508	69	80
3509	78	50
3510	60	59
3511	52	81
3512	74	50
3513	57	58
3514	74	76
3515	78	58
3516	86	84
3517	82	55
3518	83	64
3519	63	65
3520	63	80
3521	66	56
3522	70	52
3523	96	52
3524	69	66
3525	55	78
3526	86	70
3527	64	99
3528	96	95
3529	78	89
3530	63	51
3531	82	87
3532	59	74
3533	59	57
3534	66	85
3535	57	59
3536	65	97
3537	85	71
3538	62	96
3539	52	53
3540	60	85
3541	59	69
3542	100	87
3543	99	90
3544	56	88
3545	69	78
3546	74	89
3547	90	77
3548	75	76
3549	89	66
3550	60	77
3551	86	97
3552	81	82
3553	98	90
3554	71	94
3555	62	66
3556	54	50
3557	90	84
3558	52	84
3559	85	52
3560	67	59
3561	61	74
3562	82	82
3563	98	79
3564	69	62
3565	100	58
3566	88	76
3567	86	93
3568	83	97
3569	95	55
3570	77	50
3571	52	80
3572	93	90
3573	60	64
3574	93	83
3575	81	85
3576	74	90
3577	98	55
3578	65	66
3579	62	83
3580	89	97
3581	69	57
3582	55	91
3583	68	85
3584	53	96
3585	58	80
3586	92	60
3587	68	84
3588	64	76
3589	58	67
3590	69	70
3591	95	78
3592	61	94
3593	86	63
3594	78	86
3595	85	62
3596	99	75
3597	67	50
3598	65	77
3599	88	98
3600	60	60
3601	67	80
3602	68	85
3603	91	68
3604	82	95
3605	77	82
3606	67	56
3607	53	96
3608	100	93
3609	51	61
3610	90	62
3611	96	72
3612	95	94
3613	63	67
3614	52	55
3615	93	59
3616	93	69
3617	72	91
3618	78	92
3619	65	56
3620	91	95
3621	54	71
3622	57	69
3623	85	90
3624	82	66
3625	51	91
3626	76	80
3627	72	68
3628	86	52
3629	74	85
3630	88	87
3631	95	61
3632	78	58
3633	97	64
3634	95	59
3635	54	88
3636	86	84
3637	91	79
3638	52	83
3639	69	83
3640	64	92
3641	55	93
3642	91	55
3643	65	55
3644	68	65
3645	95	62
3646	56	61
3647	98	50
3648	92	72
3649	67	88
3650	76	67
3651	80	94
3652	54	93
3653	98	51
3654	87	90
3655	70	64
3656	71	55
3657	91	100
3658	98	66
3659	52	55
3660	93	51
3661	62	52
3662	76	74
3663	98	59
3664	94	88
3665	72	64
3666	82	98
3667	65	63
3668	65	58
3669	83	64
3670	59	65
3671	79	82
3672	75	54
3673	87	52
3674	76	71
3675	67	80
3676	64	93
3677	59	67
3678	68	55
3679	66	81
3680	90	53
3681	74	56
3682	50	88
3683	82	58
3684	53	88
3685	80	52
3686	53	86
3687	50	96
3688	53	87
3689	64	50
3690	54	94
3691	57	55
3692	80	97
3693	96	86
3694	71	95
3695	81	91
3696	68	99
3697	96	59
3698	99	78
3699	89	70
3700	66	77
3701	86	92
3702	55	69
3703	60	59
3704	53	75
3705	69	87
3706	99	61
3707	69	86
3708	93	94
3709	51	84
3710	71	86
3711	53	55
3712	89	53
3713	74	53
3714	67	57
3715	67	51
3716	58	95
3717	52	66
3718	73	59
3719	79	58
3720	68	96
3721	53	63
3722	85	93
3723	56	64
3724	64	76
3725	87	91
3726	87	94
3727	79	50
3728	93	92
3729	70	50
3730	83	84
3731	69	99
3732	94	93
3733	82	65
3734	56	59
3735	72	93
3736	60	54
3737	63	66
3738	68	74
3739	86	75
3740	62	73
3741	88	98
3742	72	80
3743	51	55
3744	96	90
3745	58	66
3746	90	55
3747	84	51
3748	61	80
3749	85	55
3750	63	80
3751	72	50
3752	79	65
3753	73	89
3754	60	90
3755	91	100
3756	93	95
3757	72	79
3758	89	78
3759	89	95
3760	72	65
3761	98	76
3762	100	96
3763	55	92
3764	87	51
3765	54	78
3766	76	85
3767	55	92
3768	91	77
3769	70	62
3770	86	97
3771	58	87
3772	60	60
3773	80	69
3774	100	59
3775	56	95
3776	79	77
3777	87	94
3778	58	79
3779	72	51
3780	71	81
3781	74	77
3782	81	55
3783	83	50
3784	85	60
3785	82	91
3786	55	50
3787	74	63
3788	73	91
3789	81	98
3790	54	55
3791	62	99
3792	85	56
3793	51	96
3794	91	62
3795	81	96
3796	82	88
3797	77	71
3798	88	71
3799	50	68
3800	63	54
3801	65	97
3802	71	86
3803	98	50
3804	76	75
3805	53	66
3806	67	77
3807	64	82
3808	96	70
3809	100	69
3810	62	53
3811	80	89
3812	81	91
3813	60	53
3814	96	91
3815	68	85
3816	84	96
3817	75	90
3818	58	100
3819	77	95
3820	98	79
3821	91	78
3822	98	51
3823	82	52
3824	89	58
3825	81	93
3826	73	61
3827	93	50
3828	84	74
3829	51	83
3830	93	100
3831	57	62
3832	94	72
3833	53	72
3834	73	87
3835	82	87
3836	66	72
3837	87	83
3838	82	89
3839	97	81
3840	92	81
3841	100	82
3842	99	55
3843	81	88
3844	62	99
3845	74	53
3846	94	85
3847	99	64
3848	63	98
3849	98	57
3850	84	51
3851	52	77
3852	94	70
3853	83	64
3854	61	52
3855	77	94
3856	80	73
3857	64	83
3858	55	93
3859	78	56
3860	53	65
3861	99	87
3862	80	63
3863	72	70
3864	65	94
3865	100	88
3866	62	76
3867	65	71
3868	57	75
3869	62	83
3870	99	91
3871	90	79
3872	66	99
3873	94	80
3874	67	80
3875	85	89
3876	80	58
3877	68	54
3878	54	65
3879	99	72
3880	88	69
3881	64	91
3882	53	84
3883	64	54
3884	59	91
3885	52	57
3886	99	64
3887	83	57
3888	82	83
3889	93	57
3890	84	65
3891	63	93
3892	93	54
3893	97	85
3894	80	59
3895	56	87
3896	72	55
3897	81	67
3898	94	80
3899	79	87
3900	56	58
3901	59	97
3902	94	92
3903	59	96
3904	64	71
3905	81	81
3906	65	66
3907	87	76
3908	91	76
3909	72	80
3910	65	51
3911	64	94
3912	51	73
3913	98	71
3914	54	55
3915	65	95
3916	88	79
3917	81	72
3918	90	95
3919	91	60
3920	51	72
3921	86	92
3922	94	74
3923	70	61
3924	50	72
3925	64	61
3926	86	100
3927	51	51
3928	86	53
3929	53	53
3930	75	75
3931	88	85
3932	92	90
3933	100	88
3934	70	64
3935	85	73
3936	54	63
3937	98	93
3938	72	53
3939	53	92
3940	61	54
3941	63	76
3942	60	79
3943	56	65
3944	64	99
3945	55	94
3946	95	70
3947	56	52
3948	93	57
3949	87	75
3950	73	89
3951	75	67
3952	99	61
3953	92	76
3954	61	59
3955	74	98
3956	90	68
3957	55	79
3958	59	53
3959	56	52
3960	85	89
3961	68	61
3962	64	91
3963	82	60
3964	51	58
3965	89	87
3966	73	51
3967	97	97
3968	90	63
3969	76	58
3970	51	67
3971	51	64
3972	81	94
3973	70	69
3974	68	90
3975	90	57
3976	80	73
3977	65	55
3978	69	77
3979	78	63
3980	91	86
3981	59	54
3982	67	95
3983	90	92
3984	65	79
3985	64	76
3986	63	62
3987	94	89
3988	82	99
3989	57	85
3990	85	80
3991	76	94
3992	54	61
3993	74	88
3994	71	84
3995	61	97
3996	75	69
3997	69	53
3998	89	59
3999	63	87
4000	76	69
4001	69	75
4002	83	53
4003	64	89
4004	82	73
4005	99	61
4006	63	72
4007	95	80
4008	55	62
4009	94	86
4010	50	100
4011	61	89
4012	52	55
4013	55	97
4014	61	88
4015	96	84
4016	96	91
4017	83	67
4018	99	66
4019	64	80
4020	59	63
4021	67	55
4022	94	75
4023	50	79
4024	79	97
4025	63	75
4026	51	77
4027	65	57
4028	92	98
4029	90	51
4030	63	85
4031	70	51
4032	68	55
4033	62	82
4034	74	91
4035	75	70
4036	93	56
4037	99	51
4038	63	92
4039	99	65
4040	73	67
4041	55	82
4042	86	70
4043	61	57
4044	54	98
4045	53	60
4046	53	76
4047	87	52
4048	54	60
4049	91	76
4050	98	55
4051	88	95
4052	76	56
4053	67	59
4054	50	99
4055	63	54
4056	91	54
4057	98	51
4058	50	78
4059	57	75
4060	66	91
4061	70	76
4062	88	64
4063	88	87
4064	89	76
4065	82	96
4066	59	58
4067	92	79
4068	65	73
4069	50	88
4070	74	50
4071	74	99
4072	57	85
4073	50	54
4074	75	66
4075	58	90
4076	73	83
4077	67	68
4078	69	51
4079	77	50
4080	91	59
4081	78	74
4082	83	87
4083	87	55
4084	53	74
4085	90	50
4086	67	86
4087	71	70
4088	89	69
4089	70	96
4090	61	86
4091	67	75
4092	64	76
4093	84	61
4094	98	83
4095	57	97
4096	52	97
4097	56	62
4098	58	52
4099	87	82
4100	89	70
4101	86	58
4102	100	67
4103	76	100
4104	83	77
4105	77	72
4106	66	52
4107	72	56
4108	78	86
4109	85	83
4110	54	57
4111	84	57
4112	100	91
4113	63	70
4114	98	86
4115	75	85
4116	72	96
4117	53	61
4118	54	74
4119	77	61
4120	52	54
4121	73	59
4122	69	91
4123	55	95
4124	67	86
4125	73	63
4126	60	76
4127	57	73
4128	100	61
4129	76	61
4130	72	55
4131	77	83
4132	81	92
4133	87	59
4134	92	73
4135	63	78
4136	86	94
4137	74	62
4138	100	96
4139	96	80
4140	88	87
4141	89	69
4142	92	70
4143	79	96
4144	55	63
4145	98	64
4146	75	85
4147	92	56
4148	75	98
4149	100	75
4150	93	94
4151	65	82
4152	56	70
4153	84	62
4154	91	95
4155	61	61
4156	70	69
4157	62	81
4158	61	93
4159	58	99
4160	98	100
4161	55	86
4162	70	93
4163	66	72
4164	82	89
4165	74	100
4166	69	52
4167	96	95
4168	63	70
4169	72	74
4170	53	86
4171	95	58
4172	63	98
4173	91	63
4174	52	98
4175	64	72
4176	57	93
4177	99	86
4178	65	84
4179	61	59
4180	90	67
4181	75	84
4182	57	90
4183	75	85
4184	54	50
4185	68	98
4186	78	55
4187	87	71
4188	84	69
4189	50	67
4190	87	64
4191	54	97
4192	80	53
4193	86	75
4194	78	72
4195	83	83
4196	63	55
4197	61	81
4198	78	63
4199	72	84
4200	74	50
4201	85	53
4202	91	89
4203	95	82
4204	96	82
4205	77	75
4206	76	61
4207	91	82
4208	70	66
4209	68	80
4210	83	70
4211	60	74
4212	98	60
4213	76	88
4214	92	91
4215	64	73
4216	64	85
4217	84	91
4218	94	68
4219	72	97
4220	97	99
4221	80	100
4222	92	54
4223	54	60
4224	62	50
4225	66	95
4226	54	85
4227	66	66
4228	57	92
4229	77	79
4230	55	96
4231	70	87
4232	66	65
4233	65	97
4234	98	70
4235	71	99
4236	93	51
4237	88	71
4238	95	98
4239	57	90
4240	58	61
4241	87	96
4242	70	78
4243	58	53
4244	99	74
4245	89	99
4246	55	67
4247	95	85
4248	75	57
4249	73	61
4250	94	54
4251	73	93
4252	52	87
4253	66	62
4254	68	54
4255	58	58
4256	60	73
4257	64	85
4258	72	89
4259	65	56
4260	50	52
4261	69	58
4262	65	72
4263	59	61
4264	56	90
4265	56	62
4266	71	76
4267	80	87
4268	96	79
4269	56	62
4270	65	92
4271	60	53
4272	58	82
4273	92	58
4274	90	50
4275	71	71
4276	55	52
4277	75	77
4278	76	76
4279	53	64
4280	57	52
4281	100	73
4282	63	68
4283	90	71
4284	56	82
4285	80	52
4286	97	95
4287	70	95
4288	83	70
4289	69	64
4290	69	76
4291	99	64
4292	97	98
4293	78	87
4294	91	61
4295	84	55
4296	91	57
4297	65	97
4298	78	64
4299	99	90
4300	67	91
4301	61	86
4302	73	94
4303	95	56
4304	73	85
4305	83	63
4306	98	66
4307	65	69
4308	89	84
4309	53	87
4310	69	58
4311	52	75
4312	53	99
4313	90	50
4314	75	78
4315	52	56
4316	94	89
4317	68	59
4318	87	68
4319	89	88
4320	100	83
4321	72	91
4322	71	63
4323	77	70
4324	98	89
4325	58	74
4326	54	63
4327	89	67
4328	99	88
4329	68	63
4330	69	91
4331	79	74
4332	67	77
4333	59	94
4334	74	54
4335	68	57
4336	51	66
4337	79	75
4338	94	80
4339	91	57
4340	85	60
4341	100	69
4342	50	55
4343	100	86
4344	92	66
4345	90	80
4346	90	100
4347	85	86
4348	94	86
4349	100	64
4350	86	59
4351	87	68
4352	70	63
4353	78	50
4354	69	73
4355	71	88
4356	87	88
4357	53	80
4358	94	94
4359	75	76
4360	53	94
4361	88	87
4362	56	94
4363	93	90
4364	77	82
4365	50	68
4366	93	62
4367	82	74
4368	78	72
4369	77	55
4370	84	86
4371	86	58
4372	55	95
4373	87	99
4374	65	99
4375	61	72
4376	50	82
4377	54	82
4378	65	89
4379	97	54
4380	68	99
4381	79	69
4382	70	69
4383	72	70
4384	76	65
4385	89	52
4386	81	59
4387	89	97
4388	53	66
4389	52	100
4390	85	86
4391	79	96
4392	62	66
4393	79	88
4394	60	86
4395	98	92
4396	66	73
4397	56	97
4398	54	85
4399	70	68
4400	50	50
4401	88	98
4402	85	69
4403	97	56
4404	75	71
4405	90	70
4406	67	100
4407	54	95
4408	61	78
4409	96	72
4410	98	91
4411	82	58
4412	79	80
4413	78	88
4414	93	84
4415	56	69
4416	96	97
4417	90	89
4418	65	73
4419	83	60
4420	84	93
4421	70	79
4422	65	71
4423	52	85
4424	61	89
4425	92	96
4426	85	68
4427	83	50
4428	74	91
4429	56	64
4430	79	99
4431	87	76
4432	80	60
4433	65	90
4434	77	54
4435	92	56
4436	83	62
4437	99	69
4438	97	80
4439	50	72
4440	61	50
4441	84	89
4442	96	60
4443	73	96
4444	61	53
4445	73	100
4446	98	51
4447	65	94
4448	86	93
4449	61	58
4450	69	79
4451	95	89
4452	61	67
4453	54	94
4454	66	55
4455	62	94
4456	86	84
4457	62	52
4458	92	87
4459	63	100
4460	75	53
4461	87	79
4462	65	63
4463	52	77
4464	76	97
4465	62	80
4466	56	54
4467	52	77
4468	91	90
4469	75	61
4470	62	69
4471	83	70
4472	86	99
4473	89	64
4474	95	61
4475	52	57
4476	93	58
4477	60	79
4478	52	67
4479	58	89
4480	73	87
4481	74	80
4482	88	78
4483	90	74
4484	84	53
4485	70	67
4486	69	84
4487	74	51
4488	96	65
4489	93	64
4490	65	99
4491	69	82
4492	92	59
4493	53	87
4494	59	66
4495	54	56
4496	79	88
4497	54	70
4498	100	96
4499	98	77
4500	99	67
4501	62	66
4502	53	76
4503	56	90
4504	72	88
4505	82	76
4506	69	60
4507	75	64
4508	74	60
4509	62	60
4510	81	73
4511	58	60
4512	65	63
4513	86	97
4514	86	91
4515	65	98
4516	81	85
4517	95	71
4518	57	68
4519	61	57
4520	96	84
4521	60	51
4522	86	87
4523	65	100
4524	70	94
4525	61	58
4526	60	56
4527	86	66
4528	61	75
4529	56	69
4530	52	62
4531	70	81
4532	88	82
4533	88	53
4534	89	86
4535	59	93
4536	88	76
4537	56	100
4538	84	63
4539	56	83
4540	52	82
4541	52	67
4542	74	50
4543	88	77
4544	66	96
4545	96	78
4546	85	61
4547	83	65
4548	96	63
4549	99	87
4550	61	87
4551	57	51
4552	62	58
4553	99	87
4554	56	97
4555	50	71
4556	89	53
4557	78	88
4558	73	65
4559	86	60
4560	73	93
4561	93	56
4562	85	99
4563	84	82
4564	64	78
4565	58	63
4566	89	72
4567	51	63
4568	100	66
4569	80	96
4570	89	57
4571	59	95
4572	58	54
4573	87	63
4574	56	68
4575	86	76
4576	84	56
4577	95	65
4578	51	90
4579	91	84
4580	81	84
4581	62	90
4582	100	71
4583	54	71
4584	92	98
4585	89	87
4586	97	53
4587	51	74
4588	57	80
4589	91	82
4590	67	84
4591	97	73
4592	96	87
4593	77	74
4594	83	72
4595	58	85
4596	55	71
4597	53	83
4598	94	77
4599	86	84
4600	52	70
4601	95	58
4602	94	92
4603	99	55
4604	100	78
4605	69	74
4606	58	73
4607	92	85
4608	62	50
4609	98	51
4610	51	97
4611	99	67
4612	57	86
4613	67	68
4614	83	87
4615	61	69
4616	75	98
4617	67	98
4618	90	67
4619	86	100
4620	64	71
4621	64	87
4622	64	92
4623	83	73
4624	76	55
4625	92	73
4626	54	51
4627	74	97
4628	64	60
4629	100	87
4630	73	63
4631	51	61
4632	78	53
4633	86	57
4634	79	57
4635	92	70
4636	52	63
4637	89	69
4638	70	99
4639	76	64
4640	54	68
4641	75	59
4642	81	54
4643	63	60
4644	70	78
4645	89	98
4646	88	79
4647	89	93
4648	52	78
4649	85	66
4650	87	97
4651	87	64
4652	58	97
4653	62	74
4654	92	61
4655	51	69
4656	80	69
4657	83	73
4658	69	86
4659	68	51
4660	65	95
4661	63	53
4662	70	67
4663	86	94
4664	73	94
4665	84	99
4666	51	84
4667	89	72
4668	63	99
4669	58	82
4670	99	94
4671	53	81
4672	88	80
4673	82	54
4674	51	72
4675	85	93
4676	65	88
4677	81	72
4678	94	98
4679	100	72
4680	95	99
4681	84	94
4682	79	78
4683	74	77
4684	84	92
4685	51	65
4686	65	63
4687	94	53
4688	53	60
4689	52	83
4690	89	52
4691	59	69
4692	84	59
4693	58	83
4694	98	56
4695	86	78
4696	67	73
4697	84	62
4698	70	76
4699	99	81
4700	81	60
4701	72	97
4702	77	61
4703	52	91
4704	100	69
4705	80	79
4706	73	53
4707	80	66
4708	96	75
4709	95	92
4710	71	91
4711	68	83
4712	80	94
4713	87	65
4714	78	91
4715	77	62
4716	57	76
4717	81	76
4718	54	90
4719	94	60
4720	80	81
4721	92	58
4722	81	77
4723	72	83
4724	68	63
4725	70	67
4726	84	54
4727	74	99
4728	93	75
4729	89	94
4730	81	66
4731	92	97
4732	59	73
4733	80	54
4734	85	69
4735	98	96
4736	88	76
4737	87	85
4738	86	63
4739	82	73
4740	61	79
4741	86	99
4742	95	76
4743	53	62
4744	62	96
4745	99	98
4746	79	78
4747	68	79
4748	61	97
4749	61	82
4750	79	68
4751	90	52
4752	76	81
4753	97	86
4754	95	52
4755	77	57
4756	82	97
4757	69	62
4758	98	95
4759	56	66
4760	76	65
4761	97	91
4762	54	60
4763	65	63
4764	76	91
4765	78	60
4766	77	93
4767	68	92
4768	66	76
4769	69	53
4770	51	56
4771	65	96
4772	74	91
4773	67	53
4774	73	79
4775	67	60
4776	87	72
4777	86	70
4778	69	96
4779	97	96
4780	53	56
4781	79	71
4782	74	84
4783	82	59
4784	91	81
4785	73	77
4786	68	57
4787	83	91
4788	56	82
4789	75	80
4790	52	87
4791	63	63
4792	75	61
4793	55	75
4794	83	100
4795	77	69
4796	59	93
4797	74	65
4798	94	89
4799	72	54
4800	61	98
4801	56	98
4802	75	70
4803	83	95
4804	57	67
4805	55	72
4806	92	68
4807	66	99
4808	65	87
4809	56	68
4810	70	71
4811	95	85
4812	100	99
4813	62	69
4814	93	61
4815	74	100
4816	61	81
4817	87	55
4818	60	85
4819	98	59
4820	85	98
4821	54	82
4822	64	63
4823	60	88
4824	63	74
4825	82	94
4826	72	65
4827	51	90
4828	62	52
4829	64	73
4830	56	58
4831	88	77
4832	67	80
4833	96	79
4834	79	51
4835	76	79
4836	95	70
4837	67	70
4838	85	63
4839	72	69
4840	86	65
4841	86	83
4842	65	52
4843	80	67
4844	99	68
4845	85	58
4846	86	72
4847	74	63
4848	96	56
4849	71	84
4850	87	69
4851	61	73
4852	94	76
4853	82	58
4854	56	52
4855	81	54
4856	73	61
4857	76	61
4858	98	93
4859	90	97
4860	89	86
4861	84	95
4862	64	80
4863	96	100
4864	51	78
4865	92	77
4866	99	88
4867	87	59
4868	75	98
4869	58	55
4870	99	58
4871	84	86
4872	56	87
4873	93	53
4874	61	60
4875	71	98
4876	53	55
4877	79	90
4878	68	61
4879	71	96
4880	83	76
4881	66	83
4882	68	95
4883	95	82
4884	54	72
4885	88	53
4886	57	73
4887	55	81
4888	90	93
4889	89	95
4890	77	80
4891	88	68
4892	93	62
4893	73	81
4894	51	69
4895	52	75
4896	91	99
4897	63	59
4898	90	93
4899	60	58
4900	67	59
4901	70	85
4902	79	73
4903	83	51
4904	52	70
4905	80	63
4906	89	97
4907	66	80
4908	87	53
4909	50	90
4910	96	50
4911	76	97
4912	82	86
4913	80	94
4914	69	57
4915	83	94
4916	72	95
4917	76	80
4918	100	70
4919	95	70
4920	77	70
4921	52	59
4922	77	87
4923	73	63
4924	66	87
4925	73	79
4926	52	81
4927	74	81
4928	53	75
4929	50	68
4930	69	71
4931	91	75
4932	64	73
4933	84	79
4934	73	81
4935	74	62
4936	80	73
4937	85	90
4938	50	93
4939	82	57
4940	71	52
4941	97	88
4942	74	84
4943	87	92
4944	85	79
4945	71	79
4946	57	75
4947	85	55
4948	57	71
4949	61	53
4950	92	77
4951	56	59
4952	51	58
4953	79	91
4954	95	51
4955	69	52
4956	67	73
4957	78	65
4958	71	53
4959	59	58
4960	52	52
4961	50	78
4962	69	86
4963	71	98
4964	61	60
4965	55	63
4966	76	72
4967	88	54
4968	86	66
4969	88	51
4970	76	95
4971	75	65
4972	65	60
4973	85	71
4974	81	50
4975	75	59
4976	99	63
4977	56	53
4978	56	54
4979	53	50
4980	54	92
4981	51	93
4982	77	86
4983	74	53
4984	62	96
4985	90	91
4986	89	81
4987	74	82
4988	71	94
4989	93	68
4990	85	50
4991	98	61
4992	61	63
4993	55	61
4994	83	89
4995	72	59
4996	85	55
4997	73	88
4998	86	57
4999	65	100
5000	93	79
5001	81	80
5002	67	91
5003	71	78
5004	78	76
5005	92	75
5006	88	79
5007	94	99
5008	75	77
5009	97	77
5010	70	70
5011	62	79
5012	93	87
5013	64	52
5014	80	64
5015	60	87
5016	51	70
5017	89	68
5018	80	96
5019	72	61
5020	80	60
5021	59	86
5022	93	82
5023	74	50
5024	66	86
5025	57	97
5026	93	61
5027	85	86
5028	94	52
5029	61	82
5030	86	58
5031	56	58
5032	99	84
5033	54	54
5034	64	97
5035	66	81
5036	93	72
5037	79	54
5038	91	58
5039	74	68
5040	54	75
5041	89	58
5042	76	87
5043	59	64
5044	79	84
5045	75	83
5046	55	79
5047	94	61
5048	89	58
5049	86	95
5050	92	77
5051	97	59
5052	67	55
5053	93	77
5054	55	61
5055	95	70
5056	64	63
5057	69	50
5058	94	53
5059	95	95
5060	71	57
5061	67	88
5062	60	54
5063	50	54
5064	100	87
5065	50	53
5066	62	68
5067	67	70
5068	61	63
5069	50	57
5070	66	62
5071	54	69
5072	53	54
5073	90	74
5074	63	93
5075	58	98
5076	86	65
5077	76	53
5078	50	100
5079	78	81
5080	75	84
5081	88	52
5082	81	75
5083	51	52
5084	91	89
5085	66	88
5086	86	88
5087	88	79
5088	93	53
5089	84	75
5090	55	74
5091	62	85
5092	77	69
5093	92	79
5094	86	99
5095	55	98
5096	90	52
5097	58	93
5098	53	98
5099	73	72
5100	79	78
5101	83	75
5102	87	72
5103	66	76
5104	89	56
5105	82	93
5106	97	67
5107	77	75
5108	67	99
5109	70	83
5110	57	52
5111	56	77
5112	72	50
5113	94	54
5114	70	84
5115	52	100
5116	52	62
5117	95	93
5118	78	79
5119	52	52
5120	66	72
5121	76	97
5122	94	90
5123	75	70
5124	57	88
5125	58	57
5126	88	84
5127	60	66
5128	86	67
5129	80	69
5130	85	99
5131	99	79
5132	51	95
5133	85	93
5134	99	50
5135	51	73
5136	57	50
5137	59	89
5138	81	100
5139	63	89
5140	68	70
5141	57	52
5142	82	62
5143	55	98
5144	54	94
5145	88	84
5146	52	57
5147	78	93
5148	61	62
5149	88	52
5150	99	74
5151	55	84
5152	89	50
5153	71	69
5154	55	86
5155	55	88
5156	72	74
5157	51	70
5158	89	74
5159	54	51
5160	70	52
5161	89	71
5162	82	78
5163	88	51
5164	86	64
5165	84	52
5166	73	65
5167	55	91
5168	72	63
5169	66	95
5170	60	84
5171	72	55
5172	53	52
5173	91	57
5174	64	50
5175	80	99
5176	82	90
5177	77	63
5178	71	54
5179	62	60
5180	68	81
5181	50	94
5182	100	93
5183	78	78
5184	53	84
5185	63	87
5186	61	61
5187	85	62
5188	55	81
5189	79	72
5190	68	95
5191	66	82
5192	83	57
5193	67	99
5194	66	87
5195	90	81
5196	65	55
5197	70	68
5198	96	77
5199	64	66
5200	80	93
5201	67	57
5202	100	83
5203	97	64
5204	69	74
5205	63	100
5206	87	79
5207	71	71
5208	81	51
5209	54	99
5210	58	65
5211	51	78
5212	83	80
5213	91	63
5214	98	53
5215	72	61
5216	76	100
5217	61	99
5218	99	65
5219	77	91
5220	62	66
5221	55	91
5222	87	71
5223	100	100
5224	64	68
5225	53	55
5226	76	52
5227	86	55
5228	86	93
5229	86	90
5230	50	75
5231	71	82
5232	63	78
5233	98	50
5234	89	71
5235	68	78
5236	81	93
5237	77	81
5238	90	77
5239	77	93
5240	94	54
5241	83	81
5242	73	82
5243	76	87
5244	57	51
5245	60	91
5246	88	90
5247	75	66
5248	97	86
5249	85	68
5250	94	77
5251	96	73
5252	99	62
5253	97	57
5254	98	68
5255	65	89
5256	70	100
5257	50	61
5258	59	59
5259	89	83
5260	89	83
5261	90	84
5262	53	61
5263	69	61
5264	93	68
5265	73	99
5266	81	77
5267	62	65
5268	64	88
5269	67	88
5270	77	74
5271	67	97
5272	51	75
5273	74	62
5274	65	70
5275	57	66
5276	51	85
5277	55	63
5278	85	54
5279	77	92
5280	59	83
5281	62	76
5282	51	91
5283	57	100
5284	60	90
5285	70	86
5286	94	71
5287	70	91
5288	100	96
5289	89	55
5290	78	67
5291	77	61
5292	55	60
5293	100	62
5294	97	67
5295	100	57
5296	65	94
5297	71	81
5298	70	92
5299	97	69
5300	65	57
5301	53	94
5302	76	100
5303	74	91
5304	71	60
5305	59	51
5306	82	76
5307	87	54
5308	58	53
5309	50	60
5310	77	67
5311	100	86
5312	63	93
5313	51	99
5314	74	82
5315	50	81
5316	98	68
5317	80	95
5318	96	97
5319	86	70
5320	97	65
5321	77	100
5322	76	55
5323	61	65
5324	88	89
5325	77	82
5326	62	61
5327	58	91
5328	92	59
5329	77	73
5330	70	78
5331	100	68
5332	72	72
5333	73	96
5334	59	61
5335	92	100
5336	99	72
5337	78	79
5338	95	79
5339	77	59
5340	75	93
5341	80	59
5342	81	53
5343	71	73
5344	95	90
5345	55	69
5346	86	63
5347	86	91
5348	65	61
5349	74	88
5350	90	58
5351	73	96
5352	79	55
5353	84	65
5354	59	61
5355	66	60
5356	98	73
5357	52	85
5358	67	93
5359	99	68
5360	74	90
5361	97	86
5362	75	78
5363	72	95
5364	91	63
5365	99	80
5366	73	97
5367	79	95
5368	100	55
5369	93	67
5370	81	59
5371	96	87
5372	80	73
5373	56	96
5374	76	51
5375	91	100
5376	58	56
5377	71	100
5378	67	69
5379	59	71
5380	61	95
5381	63	92
5382	100	53
5383	89	56
5384	72	85
5385	71	95
5386	52	61
5387	50	72
5388	55	62
5389	88	85
5390	50	59
5391	63	82
5392	94	70
5393	50	81
5394	92	80
5395	68	95
5396	100	74
5397	64	78
5398	90	83
5399	81	81
5400	78	97
5401	94	63
5402	75	84
5403	80	76
5404	68	89
5405	76	64
5406	90	83
5407	63	97
5408	87	51
5409	76	95
5410	79	100
5411	68	50
5412	81	94
5413	69	89
5414	96	51
5415	62	63
5416	52	80
5417	87	62
5418	82	67
5419	83	68
5420	68	92
5421	100	95
5422	67	64
5423	81	70
5424	100	95
5425	58	54
5426	56	54
5427	99	76
5428	50	96
5429	91	56
5430	95	59
5431	78	94
5432	94	71
5433	86	98
5434	93	73
5435	86	83
5436	73	82
5437	71	98
5438	94	76
5439	67	56
5440	59	74
5441	94	73
5442	93	56
5443	65	59
5444	94	63
5445	88	100
5446	76	87
5447	71	100
5448	85	72
5449	90	90
5450	81	83
5451	63	86
5452	95	52
5453	75	66
5454	80	89
5455	91	83
5456	82	99
5457	94	77
5458	88	95
5459	79	78
5460	59	57
5461	84	87
5462	71	59
5463	96	92
5464	83	100
5465	64	86
5466	62	53
5467	89	60
5468	89	58
5469	76	83
5470	72	65
5471	71	90
5472	64	97
5473	57	61
5474	89	79
5475	64	83
5476	90	74
5477	100	87
5478	61	76
5479	74	94
5480	77	75
5481	87	58
5482	72	92
5483	61	52
5484	90	82
5485	79	96
5486	77	66
5487	96	89
5488	59	72
5489	84	54
5490	84	75
5491	51	87
5492	56	63
5493	51	89
5494	83	74
5495	70	62
5496	76	86
5497	54	99
5498	53	73
5499	86	51
5500	99	96
5501	85	65
5502	93	99
5503	69	93
5504	63	65
5505	88	55
5506	53	92
5507	52	68
5508	67	99
5509	56	68
5510	75	83
5511	98	89
5512	72	98
5513	86	72
5514	74	98
5515	81	87
5516	79	90
5517	51	78
5518	58	69
5519	84	80
5520	57	83
5521	93	63
5522	55	57
5523	50	63
5524	54	59
5525	95	66
5526	93	88
5527	85	57
5528	72	91
5529	97	79
5530	91	52
5531	58	98
5532	88	88
5533	77	84
5534	57	72
5535	65	95
5536	75	95
5537	66	74
5538	60	99
5539	50	60
5540	97	99
5541	66	55
5542	88	74
5543	91	66
5544	80	50
5545	78	71
5546	97	92
5547	88	65
5548	61	69
5549	78	51
5550	67	65
5551	88	58
5552	94	66
5553	53	89
5554	73	86
5555	58	75
5556	96	78
5557	65	89
5558	72	57
5559	77	59
5560	69	55
5561	97	82
5562	80	58
5563	74	62
5564	55	79
5565	96	78
5566	94	67
5567	80	90
5568	52	54
5569	100	70
5570	57	83
5571	61	93
5572	91	91
5573	69	86
5574	89	75
5575	69	57
5576	91	56
5577	93	87
5578	98	75
5579	65	57
5580	99	63
5581	62	69
5582	74	100
5583	94	78
5584	88	95
5585	78	95
5586	77	90
5587	84	56
5588	57	55
5589	89	75
5590	59	81
5591	91	71
5592	67	63
5593	87	66
5594	78	52
5595	78	86
5596	62	53
5597	91	67
5598	54	55
5599	84	59
5600	75	63
5601	61	83
5602	60	64
5603	96	64
5604	100	80
5605	96	79
5606	81	92
5607	55	63
5608	77	77
5609	91	87
5610	60	63
5611	56	62
5612	61	71
5613	86	65
5614	50	99
5615	86	70
5616	91	62
5617	81	68
5618	94	84
5619	73	65
5620	85	93
5621	83	74
5622	85	72
5623	74	51
5624	70	54
5625	50	65
5626	87	53
5627	58	92
5628	53	95
5629	89	77
5630	99	86
5631	88	82
5632	66	62
5633	68	100
5634	68	73
5635	61	81
5636	75	83
5637	69	57
5638	67	88
5639	92	87
5640	64	53
5641	65	98
5642	66	94
5643	86	76
5644	88	86
5645	83	50
5646	71	93
5647	99	72
5648	75	56
5649	99	62
5650	67	100
5651	76	64
5652	53	66
5653	57	62
5654	69	83
5655	76	85
5656	79	70
5657	75	79
5658	90	83
5659	64	98
5660	54	77
5661	89	80
5662	63	53
5663	75	53
5664	74	53
5665	73	72
5666	52	98
5667	78	76
5668	78	69
5669	87	77
5670	62	70
5671	60	59
5672	67	69
5673	50	96
5674	59	70
5675	51	84
5676	92	68
5677	70	85
5678	91	92
5679	62	85
5680	86	62
5681	53	87
5682	72	87
5683	98	73
5684	83	58
5685	60	68
5686	82	72
5687	97	70
5688	62	80
5689	66	54
5690	64	74
5691	94	77
5692	93	94
5693	69	73
5694	60	63
5695	91	55
5696	58	83
5697	92	75
5698	94	72
5699	59	86
5700	73	100
5701	85	60
5702	73	53
5703	92	68
5704	77	92
5705	74	54
5706	82	67
5707	99	66
5708	54	84
5709	71	66
5710	96	89
5711	68	50
5712	52	50
5713	87	98
5714	90	75
5715	74	55
5716	62	86
5717	81	94
5718	74	72
5719	55	58
5720	69	95
5721	61	96
5722	62	68
5723	92	98
5724	51	85
5725	66	98
5726	75	97
5727	50	75
5728	82	87
5729	61	94
5730	95	83
5731	96	59
5732	76	81
5733	52	75
5734	57	73
5735	68	66
5736	73	84
5737	57	68
5738	77	98
5739	84	50
5740	89	55
5741	55	62
5742	51	76
5743	56	78
5744	92	57
5745	54	81
5746	95	71
5747	58	50
5748	92	86
5749	60	99
5750	53	95
5751	83	59
5752	68	73
5753	74	70
5754	88	66
5755	58	59
5756	50	73
5757	67	76
5758	82	69
5759	57	83
5760	88	73
5761	98	58
5762	81	98
5763	57	81
5764	59	60
5765	60	65
5766	73	63
5767	61	64
5768	54	100
5769	72	98
5770	50	90
5771	51	81
5772	63	91
5773	94	54
5774	59	74
5775	59	63
5776	89	87
5777	85	95
5778	90	72
5779	68	94
5780	95	68
5781	63	83
5782	93	55
5783	78	70
5784	81	64
5785	69	73
5786	67	59
5787	88	68
5788	63	57
5789	67	96
5790	83	83
5791	81	79
5792	89	60
5793	58	68
5794	61	55
5795	52	65
5796	92	95
5797	53	86
5798	96	50
5799	51	95
5800	64	89
5801	63	81
5802	72	97
5803	72	64
5804	90	68
5805	60	86
5806	64	92
5807	52	54
5808	69	74
5809	79	80
5810	50	74
5811	56	71
5812	93	91
5813	100	67
5814	76	69
5815	86	84
5816	75	62
5817	90	52
5818	91	97
5819	50	60
5820	67	68
5821	74	61
5822	91	69
5823	78	79
5824	90	57
5825	95	90
5826	54	70
5827	67	69
5828	65	78
5829	92	92
5830	65	89
5831	60	86
5832	81	82
5833	95	99
5834	94	84
5835	68	56
5836	51	66
5837	67	60
5838	56	65
5839	95	75
5840	58	67
5841	72	57
5842	50	63
5843	52	93
5844	89	51
5845	99	54
5846	81	63
5847	81	93
5848	83	57
5849	100	70
5850	75	68
5851	71	76
5852	98	97
5853	74	82
5854	100	80
5855	86	92
5856	54	100
5857	76	92
5858	77	68
5859	80	71
5860	65	94
5861	92	81
5862	72	89
5863	77	99
5864	69	82
5865	52	52
5866	88	55
5867	57	64
5868	67	85
5869	92	58
5870	86	66
5871	80	80
5872	93	70
5873	80	67
5874	93	50
5875	99	52
5876	52	70
5877	59	50
5878	88	87
5879	92	63
5880	92	75
5881	55	54
5882	84	97
5883	61	74
5884	88	56
5885	52	72
5886	62	62
5887	99	69
5888	73	55
5889	58	50
5890	90	93
5891	57	81
5892	77	56
5893	66	54
5894	78	73
5895	80	54
5896	88	82
5897	79	50
5898	51	92
5899	67	100
5900	85	97
5901	74	82
5902	56	89
5903	57	97
5904	51	66
5905	60	57
5906	57	86
5907	69	85
5908	56	62
5909	55	78
5910	87	54
5911	74	99
5912	59	100
5913	65	97
5914	79	99
5915	90	53
5916	56	79
5917	71	72
5918	83	91
5919	71	90
5920	63	56
5921	95	75
5922	73	91
5923	100	72
5924	52	87
5925	84	83
5926	65	52
5927	76	77
5928	65	98
5929	57	75
5930	62	70
5931	73	84
5932	99	51
5933	72	93
5934	67	72
5935	89	73
5936	67	80
5937	80	94
5938	64	79
5939	81	56
5940	97	80
5941	76	61
5942	88	56
5943	92	66
5944	78	83
5945	64	85
5946	69	76
5947	87	83
5948	76	73
5949	99	82
5950	86	100
5951	64	86
5952	72	85
5953	95	98
5954	79	81
5955	55	72
5956	80	91
5957	67	97
5958	52	70
5959	86	75
5960	80	79
5961	52	90
5962	97	70
5963	54	100
5964	53	81
5965	97	81
5966	78	77
5967	77	57
5968	84	59
5969	97	71
5970	92	87
5971	89	72
5972	74	80
5973	78	58
5974	58	58
5975	57	67
5976	72	89
5977	80	51
5978	61	97
5979	73	73
5980	77	69
5981	61	65
5982	67	87
5983	86	83
5984	82	50
5985	57	64
5986	95	95
5987	75	96
5988	85	62
5989	65	66
5990	90	89
5991	77	88
5992	67	76
5993	62	73
5994	95	50
5995	84	63
5996	95	92
5997	59	63
5998	50	94
5999	96	99
6000	70	96
