1 2
1
1 0.000000 1.000000 1.000000
1 10
1
1 0.000000 1.000000 1.000000
2 3
1
1 0.000000 1.000000 1.000000
2 23
1
1 0.000000 1.000000 1.000000
2 24
1
1 0.000000 1.000000 1.000000
2 25
1
1 0.000000 1.000000 1.000000
3 4
1
1 0.000000 1.000000 1.000000
3 23
1
1 0.000000 1.000000 1.000000
3 24
1
1 0.000000 1.000000 1.000000
3 25
1
1 0.000000 1.000000 1.000000
4 5
1
1 0.000000 1.000000 1.000000
4 11
1
1 0.000000 1.000000 1.000000
4 12
1
1 0.000000 1.000000 1.000000
4 13
1
1 0.000000 1.000000 1.000000
5 6
1
1 0.000000 1.000000 1.000000
5 11
1
1 0.000000 1.000000 1.000000
5 12
1
1 0.000000 1.000000 1.000000
5 13
1
1 0.000000 1.000000 1.000000
6 7
1
1 0.000000 1.000000 1.000000
7 8
1
1 0.000000 1.000000 1.000000
7 28
1
1 0.000000 1.000000 1.000000
7 29
1
1 0.000000 1.000000 1.000000
7 30
1
1 0.000000 1.000000 1.000000
8 9
1
1 0.000000 1.000000 1.000000
8 28
1
1 0.000000 1.000000 1.000000
8 29
1
1 0.000000 1.000000 1.000000
8 30
1
1 0.000000 1.000000 1.000000
9 10
1
1 0.000000 1.000000 1.000000
9 16
1
1 0.000000 1.000000 1.000000
9 17
1
1 0.000000 1.000000 1.000000
9 18
1
1 0.000000 1.000000 1.000000
10 16
1
1 0.000000 1.000000 1.000000
10 17
1
1 0.000000 1.000000 1.000000
10 18
1
1 0.000000 1.000000 1.000000
11 12
1
1 0.000000 1.000000 1.000000
11 20
1
1 0.000000 1.000000 1.000000
12 13
1
1 0.000000 1.000000 1.000000
13 14
1
1 0.000000 1.000000 1.000000
13 22
1
1 0.000000 1.000000 1.000000
14 15
1
1 0.000000 1.000000 1.000000
14 21
1
1 0.000000 1.000000 1.000000
14 22
1
1 0.000000 1.000000 1.000000
14 23
1
1 0.000000 1.000000 1.000000
15 16
1
1 0.000000 1.000000 1.000000
15 21
1
1 0.000000 1.000000 1.000000
15 22
1
1 0.000000 1.000000 1.000000
16 17
1
1 0.000000 1.000000 1.000000
17 18
1
1 0.000000 1.000000 1.000000
18 19
1
1 0.000000 1.000000 1.000000
18 27
1
1 0.000000 1.000000 1.000000
19 20
1
1 0.000000 1.000000 1.000000
19 26
1
1 0.000000 1.000000 1.000000
19 27
1
1 0.000000 1.000000 1.000000
19 28
1
1 0.000000 1.000000 1.000000
20 26
1
1 0.000000 1.000000 1.000000
20 27
1
1 0.000000 1.000000 1.000000
21 22
1
1 0.000000 1.000000 1.000000
21 30
1
1 0.000000 1.000000 1.000000
22 23
1
1 0.000000 1.000000 1.000000
23 24
1
1 0.000000 1.000000 1.000000
24 25
1
1 0.000000 1.000000 1.000000
25 26
1
1 0.000000 1.000000 1.000000
26 27
1
1 0.000000 1.000000 1.000000
27 28
1
1 0.000000 1.000000 1.000000
28 29
1
1 0.000000 1.000000 1.000000
29 30
1
1 0.000000 1.000000 1.000000
