1 2
1
1 0.000000 1.000000 1.000000
1 20
1
1 0.000000 1.000000 1.000000
2 3
1
1 0.000000 1.000000 1.000000
2 20
1
1 0.000000 1.000000 1.000000
2 46
1
1 0.000000 1.000000 1.000000
2 47
1
1 0.000000 1.000000 1.000000
2 48
1
1 0.000000 1.000000 1.000000
2 49
1
1 0.000000 1.000000 1.000000
3 4
1
1 0.000000 1.000000 1.000000
3 46
1
1 0.000000 1.000000 1.000000
3 47
1
1 0.000000 1.000000 1.000000
3 48
1
1 0.000000 1.000000 1.000000
3 49
1
1 0.000000 1.000000 1.000000
3 50
1
1 0.000000 1.000000 1.000000
4 5
1
1 0.000000 1.000000 1.000000
4 45
1
1 0.000000 1.000000 1.000000
4 46
1
1 0.000000 1.000000 1.000000
4 47
1
1 0.000000 1.000000 1.000000
4 48
1
1 0.000000 1.000000 1.000000
4 49
1
1 0.000000 1.000000 1.000000
4 50
1
1 0.000000 1.000000 1.000000
5 6
1
1 0.000000 1.000000 1.000000
5 45
1
1 0.000000 1.000000 1.000000
5 46
1
1 0.000000 1.000000 1.000000
5 47
1
1 0.000000 1.000000 1.000000
5 48
1
1 0.000000 1.000000 1.000000
5 49
1
1 0.000000 1.000000 1.000000
6 7
1
1 0.000000 1.000000 1.000000
6 23
1
1 0.000000 1.000000 1.000000
6 24
1
1 0.000000 1.000000 1.000000
6 25
1
1 0.000000 1.000000 1.000000
6 46
1
1 0.000000 1.000000 1.000000
6 47
1
1 0.000000 1.000000 1.000000
6 48
1
1 0.000000 1.000000 1.000000
7 8
1
1 0.000000 1.000000 1.000000
7 22
1
1 0.000000 1.000000 1.000000
7 23
1
1 0.000000 1.000000 1.000000
7 24
1
1 0.000000 1.000000 1.000000
7 25
1
1 0.000000 1.000000 1.000000
7 26
1
1 0.000000 1.000000 1.000000
8 9
1
1 0.000000 1.000000 1.000000
8 21
1
1 0.000000 1.000000 1.000000
8 22
1
1 0.000000 1.000000 1.000000
8 23
1
1 0.000000 1.000000 1.000000
8 24
1
1 0.000000 1.000000 1.000000
8 25
1
1 0.000000 1.000000 1.000000
8 26
1
1 0.000000 1.000000 1.000000
9 10
1
1 0.000000 1.000000 1.000000
9 21
1
1 0.000000 1.000000 1.000000
9 22
1
1 0.000000 1.000000 1.000000
9 23
1
1 0.000000 1.000000 1.000000
9 24
1
1 0.000000 1.000000 1.000000
9 25
1
1 0.000000 1.000000 1.000000
10 11
1
1 0.000000 1.000000 1.000000
10 22
1
1 0.000000 1.000000 1.000000
10 23
1
1 0.000000 1.000000 1.000000
10 24
1
1 0.000000 1.000000 1.000000
10 25
1
1 0.000000 1.000000 1.000000
11 12
1
1 0.000000 1.000000 1.000000
12 13
1
1 0.000000 1.000000 1.000000
12 56
1
1 0.000000 1.000000 1.000000
12 57
1
1 0.000000 1.000000 1.000000
12 58
1
1 0.000000 1.000000 1.000000
12 59
1
1 0.000000 1.000000 1.000000
13 14
1
1 0.000000 1.000000 1.000000
13 56
1
1 0.000000 1.000000 1.000000
13 57
1
1 0.000000 1.000000 1.000000
13 58
1
1 0.000000 1.000000 1.000000
13 59
1
1 0.000000 1.000000 1.000000
13 60
1
1 0.000000 1.000000 1.000000
14 15
1
1 0.000000 1.000000 1.000000
14 55
1
1 0.000000 1.000000 1.000000
14 56
1
1 0.000000 1.000000 1.000000
14 57
1
1 0.000000 1.000000 1.000000
14 58
1
1 0.000000 1.000000 1.000000
14 59
1
1 0.000000 1.000000 1.000000
14 60
1
1 0.000000 1.000000 1.000000
15 16
1
1 0.000000 1.000000 1.000000
15 55
1
1 0.000000 1.000000 1.000000
15 56
1
1 0.000000 1.000000 1.000000
15 57
1
1 0.000000 1.000000 1.000000
15 58
1
1 0.000000 1.000000 1.000000
15 59
1
1 0.000000 1.000000 1.000000
16 17
1
1 0.000000 1.000000 1.000000
16 33
1
1 0.000000 1.000000 1.000000
16 34
1
1 0.000000 1.000000 1.000000
16 35
1
1 0.000000 1.000000 1.000000
16 56
1
1 0.000000 1.000000 1.000000
16 57
1
1 0.000000 1.000000 1.000000
16 58
1
1 0.000000 1.000000 1.000000
17 18
1
1 0.000000 1.000000 1.000000
17 32
1
1 0.000000 1.000000 1.000000
17 33
1
1 0.000000 1.000000 1.000000
17 34
1
1 0.000000 1.000000 1.000000
17 35
1
1 0.000000 1.000000 1.000000
17 36
1
1 0.000000 1.000000 1.000000
18 19
1
1 0.000000 1.000000 1.000000
18 20
1
1 0.000000 1.000000 1.000000
18 31
1
1 0.000000 1.000000 1.000000
18 32
1
1 0.000000 1.000000 1.000000
18 33
1
1 0.000000 1.000000 1.000000
18 34
1
1 0.000000 1.000000 1.000000
18 35
1
1 0.000000 1.000000 1.000000
18 36
1
1 0.000000 1.000000 1.000000
19 20
1
1 0.000000 1.000000 1.000000
19 31
1
1 0.000000 1.000000 1.000000
19 32
1
1 0.000000 1.000000 1.000000
19 33
1
1 0.000000 1.000000 1.000000
19 34
1
1 0.000000 1.000000 1.000000
19 35
1
1 0.000000 1.000000 1.000000
20 32
1
1 0.000000 1.000000 1.000000
20 33
1
1 0.000000 1.000000 1.000000
20 34
1
1 0.000000 1.000000 1.000000
20 35
1
1 0.000000 1.000000 1.000000
21 22
1
1 0.000000 1.000000 1.000000
21 40
1
1 0.000000 1.000000 1.000000
22 23
1
1 0.000000 1.000000 1.000000
22 40
1
1 0.000000 1.000000 1.000000
23 24
1
1 0.000000 1.000000 1.000000
24 25
1
1 0.000000 1.000000 1.000000
25 26
1
1 0.000000 1.000000 1.000000
26 27
1
1 0.000000 1.000000 1.000000
26 42
1
1 0.000000 1.000000 1.000000
26 43
1
1 0.000000 1.000000 1.000000
26 44
1
1 0.000000 1.000000 1.000000
26 45
1
1 0.000000 1.000000 1.000000
27 28
1
1 0.000000 1.000000 1.000000
27 41
1
1 0.000000 1.000000 1.000000
27 42
1
1 0.000000 1.000000 1.000000
27 43
1
1 0.000000 1.000000 1.000000
27 44
1
1 0.000000 1.000000 1.000000
27 45
1
1 0.000000 1.000000 1.000000
28 29
1
1 0.000000 1.000000 1.000000
28 41
1
1 0.000000 1.000000 1.000000
28 42
1
1 0.000000 1.000000 1.000000
28 43
1
1 0.000000 1.000000 1.000000
28 44
1
1 0.000000 1.000000 1.000000
28 45
1
1 0.000000 1.000000 1.000000
29 30
1
1 0.000000 1.000000 1.000000
29 41
1
1 0.000000 1.000000 1.000000
29 42
1
1 0.000000 1.000000 1.000000
29 43
1
1 0.000000 1.000000 1.000000
29 44
1
1 0.000000 1.000000 1.000000
29 45
1
1 0.000000 1.000000 1.000000
30 31
1
1 0.000000 1.000000 1.000000
30 41
1
1 0.000000 1.000000 1.000000
30 42
1
1 0.000000 1.000000 1.000000
30 43
1
1 0.000000 1.000000 1.000000
30 44
1
1 0.000000 1.000000 1.000000
31 32
1
1 0.000000 1.000000 1.000000
32 33
1
1 0.000000 1.000000 1.000000
33 34
1
1 0.000000 1.000000 1.000000
34 35
1
1 0.000000 1.000000 1.000000
35 36
1
1 0.000000 1.000000 1.000000
36 37
1
1 0.000000 1.000000 1.000000
36 52
1
1 0.000000 1.000000 1.000000
36 53
1
1 0.000000 1.000000 1.000000
36 54
1
1 0.000000 1.000000 1.000000
36 55
1
1 0.000000 1.000000 1.000000
37 38
1
1 0.000000 1.000000 1.000000
37 51
1
1 0.000000 1.000000 1.000000
37 52
1
1 0.000000 1.000000 1.000000
37 53
1
1 0.000000 1.000000 1.000000
37 54
1
1 0.000000 1.000000 1.000000
37 55
1
1 0.000000 1.000000 1.000000
38 39
1
1 0.000000 1.000000 1.000000
38 40
1
1 0.000000 1.000000 1.000000
38 51
1
1 0.000000 1.000000 1.000000
38 52
1
1 0.000000 1.000000 1.000000
38 53
1
1 0.000000 1.000000 1.000000
38 54
1
1 0.000000 1.000000 1.000000
38 55
1
1 0.000000 1.000000 1.000000
39 40
1
1 0.000000 1.000000 1.000000
39 51
1
1 0.000000 1.000000 1.000000
39 52
1
1 0.000000 1.000000 1.000000
39 53
1
1 0.000000 1.000000 1.000000
39 54
1
1 0.000000 1.000000 1.000000
39 55
1
1 0.000000 1.000000 1.000000
40 51
1
1 0.000000 1.000000 1.000000
40 52
1
1 0.000000 1.000000 1.000000
40 53
1
1 0.000000 1.000000 1.000000
40 54
1
1 0.000000 1.000000 1.000000
41 42
1
1 0.000000 1.000000 1.000000
41 60
1
1 0.000000 1.000000 1.000000
42 43
1
1 0.000000 1.000000 1.000000
42 60
1
1 0.000000 1.000000 1.000000
43 44
1
1 0.000000 1.000000 1.000000
44 45
1
1 0.000000 1.000000 1.000000
45 46
1
1 0.000000 1.000000 1.000000
46 47
1
1 0.000000 1.000000 1.000000
47 48
1
1 0.000000 1.000000 1.000000
48 49
1
1 0.000000 1.000000 1.000000
49 50
1
1 0.000000 1.000000 1.000000
50 51
1
1 0.000000 1.000000 1.000000
51 52
1
1 0.000000 1.000000 1.000000
52 53
1
1 0.000000 1.000000 1.000000
53 54
1
1 0.000000 1.000000 1.000000
54 55
1
1 0.000000 1.000000 1.000000
55 56
1
1 0.000000 1.000000 1.000000
56 57
1
1 0.000000 1.000000 1.000000
57 58
1
1 0.000000 1.000000 1.000000
58 59
1
1 0.000000 1.000000 1.000000
58 60
1
1 0.000000 1.000000 1.000000
59 60
1
1 0.000000 1.000000 1.000000
