1 2
1
1 0.000000 1.000000 1.000000
1 30
1
1 0.000000 1.000000 1.000000
2 3
1
1 0.000000 1.000000 1.000000
2 30
1
1 0.000000 1.000000 1.000000
2 69
1
1 0.000000 1.000000 1.000000
2 70
1
1 0.000000 1.000000 1.000000
2 71
1
1 0.000000 1.000000 1.000000
2 72
1
1 0.000000 1.000000 1.000000
2 73
1
1 0.000000 1.000000 1.000000
2 74
1
1 0.000000 1.000000 1.000000
3 4
1
1 0.000000 1.000000 1.000000
3 30
1
1 0.000000 1.000000 1.000000
3 68
1
1 0.000000 1.000000 1.000000
3 69
1
1 0.000000 1.000000 1.000000
3 70
1
1 0.000000 1.000000 1.000000
3 71
1
1 0.000000 1.000000 1.000000
3 72
1
1 0.000000 1.000000 1.000000
3 73
1
1 0.000000 1.000000 1.000000
3 74
1
1 0.000000 1.000000 1.000000
3 75
1
1 0.000000 1.000000 1.000000
4 5
1
1 0.000000 1.000000 1.000000
4 68
1
1 0.000000 1.000000 1.000000
4 69
1
1 0.000000 1.000000 1.000000
4 70
1
1 0.000000 1.000000 1.000000
4 71
1
1 0.000000 1.000000 1.000000
4 72
1
1 0.000000 1.000000 1.000000
4 73
1
1 0.000000 1.000000 1.000000
4 74
1
1 0.000000 1.000000 1.000000
4 75
1
1 0.000000 1.000000 1.000000
5 6
1
1 0.000000 1.000000 1.000000
5 68
1
1 0.000000 1.000000 1.000000
5 69
1
1 0.000000 1.000000 1.000000
5 70
1
1 0.000000 1.000000 1.000000
5 71
1
1 0.000000 1.000000 1.000000
5 72
1
1 0.000000 1.000000 1.000000
5 73
1
1 0.000000 1.000000 1.000000
5 74
1
1 0.000000 1.000000 1.000000
5 75
1
1 0.000000 1.000000 1.000000
6 7
1
1 0.000000 1.000000 1.000000
6 68
1
1 0.000000 1.000000 1.000000
6 69
1
1 0.000000 1.000000 1.000000
6 70
1
1 0.000000 1.000000 1.000000
6 71
1
1 0.000000 1.000000 1.000000
6 72
1
1 0.000000 1.000000 1.000000
6 73
1
1 0.000000 1.000000 1.000000
6 74
1
1 0.000000 1.000000 1.000000
6 75
1
1 0.000000 1.000000 1.000000
7 8
1
1 0.000000 1.000000 1.000000
7 68
1
1 0.000000 1.000000 1.000000
7 69
1
1 0.000000 1.000000 1.000000
7 70
1
1 0.000000 1.000000 1.000000
7 71
1
1 0.000000 1.000000 1.000000
7 72
1
1 0.000000 1.000000 1.000000
7 73
1
1 0.000000 1.000000 1.000000
7 74
1
1 0.000000 1.000000 1.000000
8 9
1
1 0.000000 1.000000 1.000000
8 35
1
1 0.000000 1.000000 1.000000
8 36
1
1 0.000000 1.000000 1.000000
8 68
1
1 0.000000 1.000000 1.000000
8 69
1
1 0.000000 1.000000 1.000000
8 70
1
1 0.000000 1.000000 1.000000
8 71
1
1 0.000000 1.000000 1.000000
8 72
1
1 0.000000 1.000000 1.000000
8 73
1
1 0.000000 1.000000 1.000000
9 10
1
1 0.000000 1.000000 1.000000
9 33
1
1 0.000000 1.000000 1.000000
9 34
1
1 0.000000 1.000000 1.000000
9 35
1
1 0.000000 1.000000 1.000000
9 36
1
1 0.000000 1.000000 1.000000
9 37
1
1 0.000000 1.000000 1.000000
9 38
1
1 0.000000 1.000000 1.000000
9 70
1
1 0.000000 1.000000 1.000000
9 71
1
1 0.000000 1.000000 1.000000
10 11
1
1 0.000000 1.000000 1.000000
10 32
1
1 0.000000 1.000000 1.000000
10 33
1
1 0.000000 1.000000 1.000000
10 34
1
1 0.000000 1.000000 1.000000
10 35
1
1 0.000000 1.000000 1.000000
10 36
1
1 0.000000 1.000000 1.000000
10 37
1
1 0.000000 1.000000 1.000000
10 38
1
1 0.000000 1.000000 1.000000
11 12
1
1 0.000000 1.000000 1.000000
11 31
1
1 0.000000 1.000000 1.000000
11 32
1
1 0.000000 1.000000 1.000000
11 33
1
1 0.000000 1.000000 1.000000
11 34
1
1 0.000000 1.000000 1.000000
11 35
1
1 0.000000 1.000000 1.000000
11 36
1
1 0.000000 1.000000 1.000000
11 37
1
1 0.000000 1.000000 1.000000
11 38
1
1 0.000000 1.000000 1.000000
12 13
1
1 0.000000 1.000000 1.000000
12 31
1
1 0.000000 1.000000 1.000000
12 32
1
1 0.000000 1.000000 1.000000
12 33
1
1 0.000000 1.000000 1.000000
12 34
1
1 0.000000 1.000000 1.000000
12 35
1
1 0.000000 1.000000 1.000000
12 36
1
1 0.000000 1.000000 1.000000
12 37
1
1 0.000000 1.000000 1.000000
12 38
1
1 0.000000 1.000000 1.000000
13 14
1
1 0.000000 1.000000 1.000000
13 31
1
1 0.000000 1.000000 1.000000
13 32
1
1 0.000000 1.000000 1.000000
13 33
1
1 0.000000 1.000000 1.000000
13 34
1
1 0.000000 1.000000 1.000000
13 35
1
1 0.000000 1.000000 1.000000
13 36
1
1 0.000000 1.000000 1.000000
13 37
1
1 0.000000 1.000000 1.000000
13 38
1
1 0.000000 1.000000 1.000000
14 15
1
1 0.000000 1.000000 1.000000
14 31
1
1 0.000000 1.000000 1.000000
14 32
1
1 0.000000 1.000000 1.000000
14 33
1
1 0.000000 1.000000 1.000000
14 34
1
1 0.000000 1.000000 1.000000
14 35
1
1 0.000000 1.000000 1.000000
14 36
1
1 0.000000 1.000000 1.000000
14 37
1
1 0.000000 1.000000 1.000000
14 38
1
1 0.000000 1.000000 1.000000
15 16
1
1 0.000000 1.000000 1.000000
15 32
1
1 0.000000 1.000000 1.000000
15 33
1
1 0.000000 1.000000 1.000000
15 34
1
1 0.000000 1.000000 1.000000
15 35
1
1 0.000000 1.000000 1.000000
15 36
1
1 0.000000 1.000000 1.000000
15 37
1
1 0.000000 1.000000 1.000000
16 17
1
1 0.000000 1.000000 1.000000
17 18
1
1 0.000000 1.000000 1.000000
17 84
1
1 0.000000 1.000000 1.000000
17 85
1
1 0.000000 1.000000 1.000000
17 86
1
1 0.000000 1.000000 1.000000
17 87
1
1 0.000000 1.000000 1.000000
17 88
1
1 0.000000 1.000000 1.000000
17 89
1
1 0.000000 1.000000 1.000000
18 19
1
1 0.000000 1.000000 1.000000
18 83
1
1 0.000000 1.000000 1.000000
18 84
1
1 0.000000 1.000000 1.000000
18 85
1
1 0.000000 1.000000 1.000000
18 86
1
1 0.000000 1.000000 1.000000
18 87
1
1 0.000000 1.000000 1.000000
18 88
1
1 0.000000 1.000000 1.000000
18 89
1
1 0.000000 1.000000 1.000000
18 90
1
1 0.000000 1.000000 1.000000
19 20
1
1 0.000000 1.000000 1.000000
19 83
1
1 0.000000 1.000000 1.000000
19 84
1
1 0.000000 1.000000 1.000000
19 85
1
1 0.000000 1.000000 1.000000
19 86
1
1 0.000000 1.000000 1.000000
19 87
1
1 0.000000 1.000000 1.000000
19 88
1
1 0.000000 1.000000 1.000000
19 89
1
1 0.000000 1.000000 1.000000
19 90
1
1 0.000000 1.000000 1.000000
20 21
1
1 0.000000 1.000000 1.000000
20 83
1
1 0.000000 1.000000 1.000000
20 84
1
1 0.000000 1.000000 1.000000
20 85
1
1 0.000000 1.000000 1.000000
20 86
1
1 0.000000 1.000000 1.000000
20 87
1
1 0.000000 1.000000 1.000000
20 88
1
1 0.000000 1.000000 1.000000
20 89
1
1 0.000000 1.000000 1.000000
20 90
1
1 0.000000 1.000000 1.000000
21 22
1
1 0.000000 1.000000 1.000000
21 83
1
1 0.000000 1.000000 1.000000
21 84
1
1 0.000000 1.000000 1.000000
21 85
1
1 0.000000 1.000000 1.000000
21 86
1
1 0.000000 1.000000 1.000000
21 87
1
1 0.000000 1.000000 1.000000
21 88
1
1 0.000000 1.000000 1.000000
21 89
1
1 0.000000 1.000000 1.000000
21 90
1
1 0.000000 1.000000 1.000000
22 23
1
1 0.000000 1.000000 1.000000
22 83
1
1 0.000000 1.000000 1.000000
22 84
1
1 0.000000 1.000000 1.000000
22 85
1
1 0.000000 1.000000 1.000000
22 86
1
1 0.000000 1.000000 1.000000
22 87
1
1 0.000000 1.000000 1.000000
22 88
1
1 0.000000 1.000000 1.000000
22 89
1
1 0.000000 1.000000 1.000000
23 24
1
1 0.000000 1.000000 1.000000
23 50
1
1 0.000000 1.000000 1.000000
23 51
1
1 0.000000 1.000000 1.000000
23 83
1
1 0.000000 1.000000 1.000000
23 84
1
1 0.000000 1.000000 1.000000
23 85
1
1 0.000000 1.000000 1.000000
23 86
1
1 0.000000 1.000000 1.000000
23 87
1
1 0.000000 1.000000 1.000000
23 88
1
1 0.000000 1.000000 1.000000
24 25
1
1 0.000000 1.000000 1.000000
24 48
1
1 0.000000 1.000000 1.000000
24 49
1
1 0.000000 1.000000 1.000000
24 50
1
1 0.000000 1.000000 1.000000
24 51
1
1 0.000000 1.000000 1.000000
24 52
1
1 0.000000 1.000000 1.000000
24 53
1
1 0.000000 1.000000 1.000000
24 85
1
1 0.000000 1.000000 1.000000
24 86
1
1 0.000000 1.000000 1.000000
25 26
1
1 0.000000 1.000000 1.000000
25 47
1
1 0.000000 1.000000 1.000000
25 48
1
1 0.000000 1.000000 1.000000
25 49
1
1 0.000000 1.000000 1.000000
25 50
1
1 0.000000 1.000000 1.000000
25 51
1
1 0.000000 1.000000 1.000000
25 52
1
1 0.000000 1.000000 1.000000
25 53
1
1 0.000000 1.000000 1.000000
26 27
1
1 0.000000 1.000000 1.000000
26 30
1
1 0.000000 1.000000 1.000000
26 46
1
1 0.000000 1.000000 1.000000
26 47
1
1 0.000000 1.000000 1.000000
26 48
1
1 0.000000 1.000000 1.000000
26 49
1
1 0.000000 1.000000 1.000000
26 50
1
1 0.000000 1.000000 1.000000
26 51
1
1 0.000000 1.000000 1.000000
26 52
1
1 0.000000 1.000000 1.000000
26 53
1
1 0.000000 1.000000 1.000000
27 28
1
1 0.000000 1.000000 1.000000
27 30
1
1 0.000000 1.000000 1.000000
27 46
1
1 0.000000 1.000000 1.000000
27 47
1
1 0.000000 1.000000 1.000000
27 48
1
1 0.000000 1.000000 1.000000
27 49
1
1 0.000000 1.000000 1.000000
27 50
1
1 0.000000 1.000000 1.000000
27 51
1
1 0.000000 1.000000 1.000000
27 52
1
1 0.000000 1.000000 1.000000
27 53
1
1 0.000000 1.000000 1.000000
28 29
1
1 0.000000 1.000000 1.000000
28 30
1
1 0.000000 1.000000 1.000000
28 46
1
1 0.000000 1.000000 1.000000
28 47
1
1 0.000000 1.000000 1.000000
28 48
1
1 0.000000 1.000000 1.000000
28 49
1
1 0.000000 1.000000 1.000000
28 50
1
1 0.000000 1.000000 1.000000
28 51
1
1 0.000000 1.000000 1.000000
28 52
1
1 0.000000 1.000000 1.000000
28 53
1
1 0.000000 1.000000 1.000000
29 30
1
1 0.000000 1.000000 1.000000
29 46
1
1 0.000000 1.000000 1.000000
29 47
1
1 0.000000 1.000000 1.000000
29 48
1
1 0.000000 1.000000 1.000000
29 49
1
1 0.000000 1.000000 1.000000
29 50
1
1 0.000000 1.000000 1.000000
29 51
1
1 0.000000 1.000000 1.000000
29 52
1
1 0.000000 1.000000 1.000000
29 53
1
1 0.000000 1.000000 1.000000
30 47
1
1 0.000000 1.000000 1.000000
30 48
1
1 0.000000 1.000000 1.000000
30 49
1
1 0.000000 1.000000 1.000000
30 50
1
1 0.000000 1.000000 1.000000
30 51
1
1 0.000000 1.000000 1.000000
30 52
1
1 0.000000 1.000000 1.000000
31 32
1
1 0.000000 1.000000 1.000000
31 60
1
1 0.000000 1.000000 1.000000
32 33
1
1 0.000000 1.000000 1.000000
32 60
1
1 0.000000 1.000000 1.000000
33 34
1
1 0.000000 1.000000 1.000000
33 60
1
1 0.000000 1.000000 1.000000
34 35
1
1 0.000000 1.000000 1.000000
35 36
1
1 0.000000 1.000000 1.000000
36 37
1
1 0.000000 1.000000 1.000000
37 38
1
1 0.000000 1.000000 1.000000
38 39
1
1 0.000000 1.000000 1.000000
38 63
1
1 0.000000 1.000000 1.000000
38 64
1
1 0.000000 1.000000 1.000000
38 65
1
1 0.000000 1.000000 1.000000
38 66
1
1 0.000000 1.000000 1.000000
38 67
1
1 0.000000 1.000000 1.000000
39 40
1
1 0.000000 1.000000 1.000000
39 62
1
1 0.000000 1.000000 1.000000
39 63
1
1 0.000000 1.000000 1.000000
39 64
1
1 0.000000 1.000000 1.000000
39 65
1
1 0.000000 1.000000 1.000000
39 66
1
1 0.000000 1.000000 1.000000
39 67
1
1 0.000000 1.000000 1.000000
39 68
1
1 0.000000 1.000000 1.000000
40 41
1
1 0.000000 1.000000 1.000000
40 61
1
1 0.000000 1.000000 1.000000
40 62
1
1 0.000000 1.000000 1.000000
40 63
1
1 0.000000 1.000000 1.000000
40 64
1
1 0.000000 1.000000 1.000000
40 65
1
1 0.000000 1.000000 1.000000
40 66
1
1 0.000000 1.000000 1.000000
40 67
1
1 0.000000 1.000000 1.000000
40 68
1
1 0.000000 1.000000 1.000000
41 42
1
1 0.000000 1.000000 1.000000
41 61
1
1 0.000000 1.000000 1.000000
41 62
1
1 0.000000 1.000000 1.000000
41 63
1
1 0.000000 1.000000 1.000000
41 64
1
1 0.000000 1.000000 1.000000
41 65
1
1 0.000000 1.000000 1.000000
41 66
1
1 0.000000 1.000000 1.000000
41 67
1
1 0.000000 1.000000 1.000000
41 68
1
1 0.000000 1.000000 1.000000
42 43
1
1 0.000000 1.000000 1.000000
42 61
1
1 0.000000 1.000000 1.000000
42 62
1
1 0.000000 1.000000 1.000000
42 63
1
1 0.000000 1.000000 1.000000
42 64
1
1 0.000000 1.000000 1.000000
42 65
1
1 0.000000 1.000000 1.000000
42 66
1
1 0.000000 1.000000 1.000000
42 67
1
1 0.000000 1.000000 1.000000
42 68
1
1 0.000000 1.000000 1.000000
43 44
1
1 0.000000 1.000000 1.000000
43 61
1
1 0.000000 1.000000 1.000000
43 62
1
1 0.000000 1.000000 1.000000
43 63
1
1 0.000000 1.000000 1.000000
43 64
1
1 0.000000 1.000000 1.000000
43 65
1
1 0.000000 1.000000 1.000000
43 66
1
1 0.000000 1.000000 1.000000
43 67
1
1 0.000000 1.000000 1.000000
43 68
1
1 0.000000 1.000000 1.000000
44 45
1
1 0.000000 1.000000 1.000000
44 61
1
1 0.000000 1.000000 1.000000
44 62
1
1 0.000000 1.000000 1.000000
44 63
1
1 0.000000 1.000000 1.000000
44 64
1
1 0.000000 1.000000 1.000000
44 65
1
1 0.000000 1.000000 1.000000
44 66
1
1 0.000000 1.000000 1.000000
44 67
1
1 0.000000 1.000000 1.000000
45 46
1
1 0.000000 1.000000 1.000000
45 62
1
1 0.000000 1.000000 1.000000
45 63
1
1 0.000000 1.000000 1.000000
45 64
1
1 0.000000 1.000000 1.000000
45 65
1
1 0.000000 1.000000 1.000000
45 66
1
1 0.000000 1.000000 1.000000
46 47
1
1 0.000000 1.000000 1.000000
47 48
1
1 0.000000 1.000000 1.000000
48 49
1
1 0.000000 1.000000 1.000000
49 50
1
1 0.000000 1.000000 1.000000
50 51
1
1 0.000000 1.000000 1.000000
51 52
1
1 0.000000 1.000000 1.000000
52 53
1
1 0.000000 1.000000 1.000000
53 54
1
1 0.000000 1.000000 1.000000
53 78
1
1 0.000000 1.000000 1.000000
53 79
1
1 0.000000 1.000000 1.000000
53 80
1
1 0.000000 1.000000 1.000000
53 81
1
1 0.000000 1.000000 1.000000
53 82
1
1 0.000000 1.000000 1.000000
54 55
1
1 0.000000 1.000000 1.000000
54 77
1
1 0.000000 1.000000 1.000000
54 78
1
1 0.000000 1.000000 1.000000
54 79
1
1 0.000000 1.000000 1.000000
54 80
1
1 0.000000 1.000000 1.000000
54 81
1
1 0.000000 1.000000 1.000000
54 82
1
1 0.000000 1.000000 1.000000
54 83
1
1 0.000000 1.000000 1.000000
55 56
1
1 0.000000 1.000000 1.000000
55 76
1
1 0.000000 1.000000 1.000000
55 77
1
1 0.000000 1.000000 1.000000
55 78
1
1 0.000000 1.000000 1.000000
55 79
1
1 0.000000 1.000000 1.000000
55 80
1
1 0.000000 1.000000 1.000000
55 81
1
1 0.000000 1.000000 1.000000
55 82
1
1 0.000000 1.000000 1.000000
55 83
1
1 0.000000 1.000000 1.000000
56 57
1
1 0.000000 1.000000 1.000000
56 60
1
1 0.000000 1.000000 1.000000
56 76
1
1 0.000000 1.000000 1.000000
56 77
1
1 0.000000 1.000000 1.000000
56 78
1
1 0.000000 1.000000 1.000000
56 79
1
1 0.000000 1.000000 1.000000
56 80
1
1 0.000000 1.000000 1.000000
56 81
1
1 0.000000 1.000000 1.000000
56 82
1
1 0.000000 1.000000 1.000000
56 83
1
1 0.000000 1.000000 1.000000
57 58
1
1 0.000000 1.000000 1.000000
57 60
1
1 0.000000 1.000000 1.000000
57 76
1
1 0.000000 1.000000 1.000000
57 77
1
1 0.000000 1.000000 1.000000
57 78
1
1 0.000000 1.000000 1.000000
57 79
1
1 0.000000 1.000000 1.000000
57 80
1
1 0.000000 1.000000 1.000000
57 81
1
1 0.000000 1.000000 1.000000
57 82
1
1 0.000000 1.000000 1.000000
57 83
1
1 0.000000 1.000000 1.000000
58 59
1
1 0.000000 1.000000 1.000000
58 60
1
1 0.000000 1.000000 1.000000
58 76
1
1 0.000000 1.000000 1.000000
58 77
1
1 0.000000 1.000000 1.000000
58 78
1
1 0.000000 1.000000 1.000000
58 79
1
1 0.000000 1.000000 1.000000
58 80
1
1 0.000000 1.000000 1.000000
58 81
1
1 0.000000 1.000000 1.000000
58 82
1
1 0.000000 1.000000 1.000000
58 83
1
1 0.000000 1.000000 1.000000
59 60
1
1 0.000000 1.000000 1.000000
59 76
1
1 0.000000 1.000000 1.000000
59 77
1
1 0.000000 1.000000 1.000000
59 78
1
1 0.000000 1.000000 1.000000
59 79
1
1 0.000000 1.000000 1.000000
59 80
1
1 0.000000 1.000000 1.000000
59 81
1
1 0.000000 1.000000 1.000000
59 82
1
1 0.000000 1.000000 1.000000
60 77
1
1 0.000000 1.000000 1.000000
60 78
1
1 0.000000 1.000000 1.000000
60 79
1
1 0.000000 1.000000 1.000000
60 80
1
1 0.000000 1.000000 1.000000
60 81
1
1 0.000000 1.000000 1.000000
61 62
1
1 0.000000 1.000000 1.000000
61 90
1
1 0.000000 1.000000 1.000000
62 63
1
1 0.000000 1.000000 1.000000
62 90
1
1 0.000000 1.000000 1.000000
63 64
1
1 0.000000 1.000000 1.000000
63 90
1
1 0.000000 1.000000 1.000000
64 65
1
1 0.000000 1.000000 1.000000
65 66
1
1 0.000000 1.000000 1.000000
66 67
1
1 0.000000 1.000000 1.000000
67 68
1
1 0.000000 1.000000 1.000000
68 69
1
1 0.000000 1.000000 1.000000
69 70
1
1 0.000000 1.000000 1.000000
70 71
1
1 0.000000 1.000000 1.000000
71 72
1
1 0.000000 1.000000 1.000000
72 73
1
1 0.000000 1.000000 1.000000
73 74
1
1 0.000000 1.000000 1.000000
74 75
1
1 0.000000 1.000000 1.000000
75 76
1
1 0.000000 1.000000 1.000000
76 77
1
1 0.000000 1.000000 1.000000
77 78
1
1 0.000000 1.000000 1.000000
78 79
1
1 0.000000 1.000000 1.000000
79 80
1
1 0.000000 1.000000 1.000000
80 81
1
1 0.000000 1.000000 1.000000
81 82
1
1 0.000000 1.000000 1.000000
82 83
1
1 0.000000 1.000000 1.000000
83 84
1
1 0.000000 1.000000 1.000000
84 85
1
1 0.000000 1.000000 1.000000
85 86
1
1 0.000000 1.000000 1.000000
86 87
1
1 0.000000 1.000000 1.000000
86 90
1
1 0.000000 1.000000 1.000000
87 88
1
1 0.000000 1.000000 1.000000
87 90
1
1 0.000000 1.000000 1.000000
88 89
1
1 0.000000 1.000000 1.000000
88 90
1
1 0.000000 1.000000 1.000000
89 90
1
1 0.000000 1.000000 1.000000
